1 1:47684677_T_G 47684677 T G 0 0 1 0 0 1 0 0 1 0 1 0 1 0 0 0 1 0 0 1 0 1 0 0 0 1 0 0 0 1
1 1:49589847_A_G 49589847 A G 0 1 0 0 0 1 0 0 1 1 0 0 0 0 1 1 0 0 0 1 0 0 1 0 0 0 1 1 0 0
1 1:50559820_C_T 50559820 C T 0 1 0 0 0 1 0 0 1 0 1 0 0 0 1 0 1 0 0 1 0 1 0 0 0 0 1 1 0 0
1 1:72751185_T_C 72751185 T C 0 1 0 1 0 0 0 1 0 0 1 0 0 1 0 0 0 1 0 1 0 0 0 1 0 0 1 0 0 1
1 1:75002193_G_A 75002193 G A 0 0 1 0 1 0 0 1 0 0 0 1 0 1 0 0 1 0 0 0 1 0 1 0 0 0 1 0 0 1
1 1:78446761_G_A 78446761 G A 1 0 0 1 0 0 1 0 0 0 1 0 1 0 0 0 1 0 0.9999 0.0001 0 0 1 0 0 1 0 0 1 0
1 1:96924097_C_T 96924097 C T 0 1 0 0 0 1 1 0 0 1 0 0 0 1 0 0 0 1 0 1 0 0 1 0 1 0 0 1 0 0
1 1:110154688_T_C 110154688 T C 1 0 0 1 0 0 1 0 0 0 1 0 1 0 0 0 1 0 1 0 0 1 0 0 0 1 0 1 0 0
1 1:177889480_A_G 177889480 A G 1 0 0 0 1 0 1 0 0 1 0 0 1 0 0 1 0 0 1 0 0 1 0 0 1 0 0 1 0 0
1 1:201784287_A_C 201784287 A C 0 1 0 0 1 0 0 1 0 1 0 0 0 1 0 1 0 0 0 1 0 0 0 1 0 1 0 0 1 0
10 10:87410904_A_G 87410904 A G 0 1 0 1 0 0 1 0 0 1 0 0 1 0 0 1 0 0 1 0 0 1 0 0 1 0 0 1 0 0
10 10:102395440_T_C 102395440 T C 1 0 0 0 1 0 1 0 0 1 0 0 0 1 0 0.9996 0.0004 0 0 1 0 0 1 0 0 1 0 1 0 0
10 10:104869038_T_C 104869038 T C 1 0 0 1 0 0 1 0 0 1 0 0 1 0 0 1 0 0 1 0 0 1 0 0 1 0 0 1 0 0
10 10:114758349_C_T 114758349 C T 1 0 0 1 0 0 1 0 0 1 0 0 0 1 0 1 0 0 1 0 0 1 0 0 1 0 0 0 1 0
11 11:8673939_C_G 8673939 C G 0.0001 0.9999 0 0 1 0 1 0 0 0 0 1 0 0 1 0.9996 0.0004 0 0 1 0 0 1 0 0 0 1 0 1 0
11 11:27684517_A_G 27684517 A G 0 1 0 1 0 0 1 0 0 1 0 0 1 0 0 1 0 0 1 0 0 0 1 0 0 1 0 1 0 0
11 11:43864278_T_C 43864278 T C 0 1 0 0 0 1 0 0 1 0 0 1 0 0 1 0 0 1 0 0 1 0 1 0 0 1 0 0 0 1
11 11:47650993_C_T 47650993 C T 0 1 0 0 0 1 0 0 1 0 1 0 0 0 1 0 1 0 0 0 1 0 0 1 0 0 1 0 1 0
11 11:115022404_A_G 115022404 A G 0 1 0 1 0 0 1 0 0 0 1 0 0 1 0 0 0 1 1 0 0 0 0 1 0 1 0 1 0 0
12 12:50247468_G_A 50247468 G A 1 0 0 1 0 0 0 1 0 0 0 1 0 1 0 0 0 1 0 1 0 0 0 1 0 1 0 0 1 0
12 12:122781897_G_A 122781897 G A 0 1 0 1 0 0 1 0 0 1 0 0 1 0 0 1 0 0 1 0 0 1 0 0 0 1 0 0 1 0
13 13:28017782_C_T 28017782 C T 1 0 0 1 0 0 0 1 0 1 0 0 0 1 0 1 0 0 0 1 0 1 0 0 1 0 0 0 0 1
13 13:54102206_G_A 54102206 G A 1 0 0 1 0 0 0 1 0 1 0 0 0 1 0 1 0 0 1 0 0 1 0 0 1 0 0 1 0 0
13 13:66205704_A_G 66205704 A G 0 1 0 0 1 0 0 1 0 0 0 1 1 0 0 0.9999 0.0001 0 0 1 0 0 1 0 0 1 0 0 1 0
13 13:79580919_G_A 79580919 G A 0 0 1 0 1 0 0 0 1 0 1 0 0 1 0 0 1 0 0 0 1 0 0 1 0 0 1 0 0 1
14 14:25928179_C_A 25928179 C A 0 1 0 0 1 0 0 1 0 1 0 0 1 0 0 1 0 0 0 0 1 0 1 0 1 0 0 1 0 0
14 14:29736838_C_A 29736838 C A 0 1 0 1 0 0 1 0 0 1 0 0 0 1 0 0 1 0 0 1 0 0 1 0 0 1 0 1 0 0
14 14:30515112_C_T 30515112 C T 1 0 0 1 0 0 1 0 0 1 0 0 1 0 0 1 0 0 1 0 0 1 0 0 1 0 0 1 0 0
14 14:79899454_C_T 79899454 C T 1 0 0 1 0 0 1 0 0 0 1 0 0 1 0 1 0 0 1 0 0 0 1 0 0 1 0 0 0 1
15 15:51748610_A_G 51748610 A G 0 1 0 0 1 0 0 1 0 0 1 0 0 0 1 0 1 0 0 0 1 0 0 1 0 1 0 0 1 0
15 15:68077168_T_C 68077168 T C 0 1 0 0 1 0 1 0 0 1 0 0 1 0 0 0 1 0 1 0 0 1 0 0 1 0 0 0 1 0
15 15:73093991_C_T 73093991 C T 0 0 1 0 1 0 0 1 0 1 0 0 0 1 0 1 0 0 0 0 1 0 1 0 0 0 1 0 1 0
16 16:3627358_C_T 3627358 C T 1 0 0 0 1 0 0 0 1 0 1 0 1 0 0 1 0 0 0 1 0 1 0 0 0 1 0 0 1 0
16 16:19935389_G_A 19935389 G A 1 0 0 1 0 0 1 0 0 1 0 0 1 0 0 1 0 0 0 1 0 0 1 0 1 0 0 1 0 0
16 16:28333411_G_A 28333411 G A 0.9999 0.0001 0 1 0 0 0 1 0 1 0 0 1 0 0 0.0002 0.9998 0 0 0 1 0 1 0 0 0.0001 1 1 0 0
16 16:28889486_C_A 28889486 C A 1 0 0 0 1 0 0 1 0 1 0 0 0 0 1 0 1 0 0 1 0 0 1 0 0 0 1 1 0 0
16 16:30015337_A_G 30015337 A G 0 1 0 0 1 0 1 0 0 0 1 0 1 0 0 0 1 0 1 0 0 1 0 0 0 1 0 0 1 0
16 16:31129895_A_G 31129895 A G 0 0 1 0 1 0 0 1 0 0 1 0 1 0 0 0 1 0 0 1 0 0 1 0 0 1 0 0 1 0
16 16:49062590_C_A 49062590 C A 0 1 0 0 1 0 0 1 0 0 0 1 0 1 0 0 0 1 0 1 0 0 1 0 0 1 0 1 0 0
16 16:53803574_T_A 53803574 T A 1 0 0 1 0 0 0 0 1 0 0 1 0 1 0 0 1 0 0 1 0 0 1 0 1 0 0 0 1 0
17 17:2005136_C_G 2005136 C G 1 0 0 1 0 0 0 1 0 1 0 0 1 0 0 1 0 0 1 0 0 0 1 0 0 1 0 0 0 1
17 17:5283252_A_G 5283252 A G 1 0 0 0 1 0 0 1 0 0 0 1 1 0 0 0 1 0 0 0 1 1 0 0 0 1 0 0 1 0
17 17:78615571_G_A 78615571 G A 1 0 0 1 0 0 1 0 0 0 1 0 0 0 1 1 0 0 0 0 1 1 0 0 1 0 0 0 1 0
18 18:21104888_C_T 21104888 C T 0 1 0 0 1 0 0 1 0 0 1 0 0 0 1 0 1 0 1 0 0 0 1 0 0 0 1 0 1 0
18 18:40147671_G_A 40147671 G A 0 0 1 0 0 1 0 1 0 0 0 1 0 1 0 0 1 0 1 0 0 1 0 0 0 1 0 0 1 0
18 18:56883319_T_G 56883319 T G 1 0 0 1 0 0 0 1 0 0 1 0 1 0 0 1 0 0 1 0 0 0 1 0 0 1 0 1 0 0
18 18:57829135_T_C 57829135 T C 1 0 0 1 0 0 1 0 0 0 1 0 1 0 0 0 1 0 1 0 0 0 1 0 0 1 0 0 1 0
19 19:18454825_A_G 18454825 A G 1 0 0 1 0 0 1 0 0 0 1 0 1 0 0 1 0 0 0 1 0 1 0 0 1 0 0 0 1 0
19 19:34309532_A_G 34309532 A G 0 1 0 0 1 0 0 1 0 0 0 1 0 0 1 0 1 0 0 0 1 0 1 0 0 1 0 1 0 0
19 19:45395619_A_G 45395619 A G 0 1 0 1 0 0 1 0 0 1 0 0 1 0 0 0 1 0 0 1 0 1 0 0 1 0 0 0 1 0
19 19:46202172_C_T 46202172 C T 0 1 0 0 1 0 1 0 0 0 1 0 0 1 0 1 0 0 0 1 0 0 1 0 1 0 0 1 0 0
19 19:47569003_G_A 47569003 G A 0 0 1 1 0 0 0 0 1 0 0 1 1 0 0 0 1 0 0 0 1 0 0 1 0 1 0 0 1 0
2 2:632348_A_G 632348 A G 0 0 1 0 0 1 0 0 1 0 1 0 0 0 1 0 0 1 0 0 1 0 1 0 0 0 1 0 0 1
2 2:25150296_A_G 25150296 A G 1 0 0 0 1 0 0 1 0 0 0 1 0 1 0 0 0 1 0 1 0 1 0 0 1 0 0 0 0 1
2 2:26928811_G_A 26928811 G A 1 0 0 1 0 0 0 1 0 0 1 0 1 0 0 0 1 0 0 1 0 1 0 0 0 1 0 0 1 0
2 2:59305625_T_C 59305625 T C 0 0 1 0 1 0 0 0 1 0 0 1 0 1 0 0 1 0 0 0 1 0 0 1 0 0 1 0 1 0
2 2:63053048_G_A 63053048 G A 1 0 0 1 0 0 0 1 0 0 0 1 0 1 0 0 1 0 1 0 0 0 1 0 0 1 0 1 0 0
2 2:143043285_C_T 143043285 C T 0 1 0 0 1 0 1 0 0 1 0 0 1 0 0 0 1 0 1 0 0 0 1 0 1 0 0 1 0 0
2 2:164567689_T_C 164567689 T C 1 0 0 1 0 0 0 1 0 1 0 0 1 0 0 1 0 0 0 1 0 1 0 0 1 0 0 0 1 0
2 2:181550962_C_T 181550962 C T 0 0 1 0 0 1 0 0 1 1 0 0 0 1 0 0 0 1 0 0 1 0 0 1 0 1 0 0 1 0
2 2:208255518_A_G 208255518 A G 0 0 1 0 1 0 0 1 0 0 1 0 0 1 0 0 1 0 1 0 0 1 0 0 1 0 0 1 0 0
2 2:213413231_G_A 213413231 G A 0 1 0 1 0 0 0 0 1 0 1 0 0 1 0 0 0.996 0.004 1 0 0 0 0 1 1 0 0 0 1 0
2 2:219349752_C_T 219349752 C T 0 1 0 0 1 0 0 0 1 1 0 0 0 0 1 0 0 1 1 0 0 0 1 0 0 1 0 0 0 1
2 2:227092802_A_G 227092802 A G 0 0 1 0 0 1 0 1 0 0 0 1 1 0 0 0 1 0 0 1 0 0 0 1 0 1 0 0 0 1
20 20:51087862_C_T 51087862 C T 1 0 0 1 0 0 0 1 0 1 0 0 0 1 0 1 0 0 0 1 0 1 0 0 1 0 0 1 0 0
21 21:40291740_T_C 40291740 T C 1 0 0 0 1 0 0 1 0 0 0 1 0 1 0 0 1 0 1 0 0 0 1 0 0 0 1 0 1 0
3 3:25106437_A_G 25106437 A G 1 0 0 0 1 0 0 0 1 0 1 0 0 0 1 0 0 1 0 1 0 1 0 0 0 1 0 0 1 0
3 3:61236462_C_T 61236462 C T 0 0 1 1 0 0 0 1 0 0 0 1 0 1 0 0 1 0 0 1 0 1 0 0 0 1 0 1 0 0
3 3:81792112_C_A 81792112 C A 0 1 0 0 1 0 1 0 0 0 1 0 0 1 0 0 0 1 0 1 0 0 1 0 0 1 0 0 1 0
3 3:85807590_T_G 85807590 T G 1 0 0 0 1 0 1 0 0 1 0 0 1 0 0 0.0003 0.9997 0 1 0 0 1 0 0 1 0 0 1 0 0
3 3:141275436_G_T 141275436 G T 0 1 0 1 0 0 1 0 0 1 0 0 1 0 0 0 1 0 1 0 0 1 0 0 0 1 0 0 1 0
3 3:185824004_T_C 185824004 T C 0 0 1 0 0 1 0 0 1 0 0 1 0 0 1 0 0 1 0 0 1 0 0 1 0 0 1 0 0 1
4 4:45182527_A_G 45182527 A G 1 0 0 0 1 0 0 1 0 0 0 1 0 1 0 0 1 0 0 0 1 0 1 0 1 0 0 1 0 0
4 4:77129568_C_G 77129568 C G 1 0 0 1 0 0 0 1 0 1 0 0 0 1 0 0.9993 0.0007 0 1 0 0 1 0 0 1 0 0 1 0 0
4 4:103188709_C_T 103188709 C T 1 0 0 1 0 0 1 0 0 1 0 0 1 0 0 1 0 0 1 0 0 0 1 0 1 0 0 1 0 0
4 4:145659064_T_C 145659064 T C 1 0 0 1 0 0 1 0 0 1 0 0 1 0 0 1 0 0 0 1 0 1 0 0 1 0 0 0 1 0
5 5:75015242_T_G 75015242 T G 1 0 0 0 1 0 0 1 0 1 0 0 0 1 0 0 1 0 1 0 0 1 0 0 0 1 0 0 1 0
5 5:153537893_G_T 153537893 G T 1 0 0 1 0 0 0 0 1 0 1 0 0 0 1 0 0 1 0 1 0 1 0 0 0 1 0 0 1 0
6 6:34563164_A_G 34563164 A G 0 1 0 0 1 0 1 0 0 1 0 0 1 0 0 1 0 0 1 0 0 0 1 0 0 1 0 1 0 0
6 6:40348653_A_G 40348653 A G 1 0 0 0 1 0 1 0 0 0 1 0 0 1 0 0 1 0 0 0 1 0 0 1 1 0 0 0 1 0
6 6:50845490_A_G 50845490 A G 1 0 0 1 0 0 1 0 0 1 0 0 0 0 1 0 1 0 1 0 0 0 1 0 1 0 0 0 1 0
6 6:108977663_T_C 108977663 T C 0 1 0 0 0 1 1 0 0 0 1 0 0 0 1 1 0 0 1 0 0 0 0 1 0 1 0 0 1 0
6 6:120185665_C_T 120185665 C T 0 1 0 0 1 0 0 0 1 0 1 0 0 1 0 0 1 0 0 1 0 0 1 0 0 0 1 0 1 0
6 6:137675541_A_G 137675541 A G 0 1 0 1 0 0 1 0 0 1 0 0 0 1 0 0 1 0 1 0 0 1 0 0 0 1 0 0 0 1
6 6:163033350_A_G 163033350 A G 1 0 0 0 1 0 1 0 0 0 1 0 1 0 0 1 0 0 1 0 0 1 0 0 1 0 0 1 0 0
7 7:75163169_A_G 75163169 A G 0 0 1 1 0 0 0 0 1 0 0 1 0 0 1 0 0 1 0 1 0 0 1 0 1 0 0 0 1 0
7 7:76608143_C_T 76608143 C T 0 0 1 0 0 1 0 0 1 0 0 1 0 0 1 0 0 1 0 0.9998 0.0002 0 1 0 0 0.0001 0.9999 0 0 1
7 7:93197732_G_C 93197732 G C 1 0 0 1 0 0 0 1 0 1 0 0 1 0 0 1 0 0 0 1 0 0 1 0 0 0 1 0 1 0
7 7:95169514_G_T 95169514 G T 1 0 0 0 0.9999 0.0001 0 1 0 1 0 0 1 0 0 0.0001 0.9998 0 0 1 0 0.9671 0.0328 0 0 0 1 1 0 0
8 8:76806584_T_C 76806584 T C 1 0 0 0 1 0 0 1 0 0 0 1 0 1 0 0 1 0 0 1 0 1 0 0 0 1 0 1 0 0
8 8:81375457_C_T 81375457 C T 1 0 0 1 0 0 1 0 0 0 1 0 1 0 0 1 0 0 1 0 0 0 1 0 1 0 0 1 0 0
8 8:85079709_T_C 85079709 T C 0 1 0 0 0 1 0 0 1 0 0 1 1 0 0 0 0 1 0 0 1 0 0 1 0 0 1 0 0 1
9 9:15634326_T_C 15634326 T C 0 1 0 1 0 0 0 1 0 0 1 0 0 1 0 0 1 0 1 0 0 0 1 0 0 1 0 1 0 0
9 9:28414339_A_G 28414339 A G 1 0 0 0 1 0 0 1 0 0 1 0 0 1 0 1 0 0 0 0 1 0 0 1 1 0 0 0 1 0
9 9:111932342_C_T 111932342 C T 1 0 0 0 1 0 1 0 0 1 0 0 1 0 0 0 0 1 0 0 1 0 1 0 1 0 0 1 0 0
9 9:120378483_T_C 120378483 T C 0 1 0 1 0 0 0 0 1 1 0 0 0 1 0 0 1 0 0 0 1 0 1 0 1 0 0 0 1 0
9 9:129460914_A_G 129460914 A G 0 0 1 1 0 0 0 1 0 0 1 0 1 0 0 1 0 0 0 1 0 1 0 0 0 1 0 0 1 0
