Sample	SharedKnown_59	SharedKnown_28	SharedKnown_454	SharedKnown_625	SharedKnown_505	SharedKnown_120	SharedKnown_663	Matched_938	Matched_1405	SharedKnown_661	Matched_1305	SharedKnown_436	SharedKnown_408	Matched_671	Matched_181	Matched_1843	Matched_1231	Matched_390	Matched_1571	Matched_1943	Matched_1196	Matched_110	Matched_552	Matched_73	Matched_301	Matched_729	Matched_1552	Matched_1401	Matched_1927	Matched_647	Matched_120	Matched_1559	Matched_128	Matched_1321	Matched_391	Matched_1474	SharedKnown_890	Matched_479	SharedKnown_957	SharedKnown_863	SharedKnown_132	SharedKnown_38	SharedKnown_566	Matched_236	SharedKnown_145	SharedKnown_225	SharedKnown_466	SharedKnown_86	SharedKnown_297	Matched_492	Matched_358	Matched_725	Matched_1416	Matched_606	Matched_189	Matched_136	Matched_1201
Sample_1	0.08	0.31	-0.35	-0.87	0.35	-1.32	0.08	0.55	-0.52	-0.56	-1.26	-0.96	0.72	-0.87	-1.12	0.57	-0.50	-0.03	0.66	-0.51	0.69	0.98	-0.27	-0.37	-0.03	-0.49	0.43	0.14	0.22	0.65	0.61	0.27	0.50	-1.54	-1.88	0.88	-0.20	0.04	0.62	0.76	0.21	-1.60	-1.54	1.08	0.65	1.02	0.81	0.38	0.01	-0.31	1.40	-1.92	-1.31	0.75	0.05	0.26	-0.90
Sample_2	-0.22	-0.53	-1.74	-0.65	-0.07	1.12	0.59	-1.71	1.60	-0.87	-0.81	0.81	1.28	-1.09	0.00	1.88	0.95	0.18	1.04	0.58	-1.46	1.53	1.29	1.25	0.36	-1.37	-0.11	0.67	-0.86	-0.96	-0.28	-1.48	1.36	-0.62	-0.20	-0.84	0.26	-0.40	-0.98	-0.00	-0.27	0.67	1.26	-1.06	-0.71	-1.07	-0.19	0.91	0.38	-1.55	-0.83	1.06	0.84	-1.04	-0.56	-0.80	1.40
Sample_3	0.49	0.35	-1.02	0.19	-0.35	-0.47	-1.39	-3.23	0.49	-0.88	0.58	0.18	0.53	-0.97	-0.73	-0.75	3.23	-0.88	0.05	-1.18	1.44	-2.08	-0.81	0.21	-0.32	-0.79	-0.16	-0.30	-0.54	-0.30	-0.37	-0.67	0.65	-0.14	0.47	-0.21	0.10	0.30	-0.06	-0.29	-0.11	0.52	0.39	0.00	-0.16	0.04	1.23	0.69	0.37	0.34	-0.13	0.24	-0.10	0.22	0.69	-0.26	0.50
Sample_4	-0.08	-2.74	-0.61	-0.57	-1.49	-1.29	-0.94	-2.47	-0.09	-0.66	-0.87	-0.14	-0.88	0.39	-0.64	-0.82	-1.96	0.68	-0.20	0.14	-1.70	2.47	-1.46	-1.98	-0.92	-0.65	-0.41	-1.23	-0.41	0.14	-0.23	-0.51	-0.17	0.07	0.03	-0.46	-0.47	-0.69	-0.30	-1.01	-1.56	1.23	1.10	-0.78	-0.40	-0.52	-1.01	-1.10	-0.40	-0.95	-0.79	1.46	1.41	-0.76	-0.57	0.10	0.72
Sample_5	-0.76	2.10	0.96	0.30	-0.08	-0.86	-0.45	-0.57	-1.18	-0.64	1.92	0.76	-0.33	-0.98	2.41	-0.98	0.35	-0.65	0.67	-0.85	0.39	1.42	-0.91	-0.44	-0.72	-0.85	-0.52	0.56	-0.80	1.22	0.91	0.35	0.87	0.10	1.46	-1.70	0.34	0.56	-0.49	-2.47	-2.91	0.20	1.33	-2.08	-1.25	-0.60	-1.80	-1.46	1.54	1.74	-0.59	1.21	0.74	-1.63	-1.78	-0.42	2.00
Sample_6	0.09	-0.59	-0.15	0.05	-0.49	0.89	1.34	-1.10	-1.07	-0.07	-0.06	-0.81	-0.10	-1.14	0.12	1.15	0.11	-0.36	0.32	0.01	1.34	0.80	-1.29	-0.35	-1.58	-0.28	0.69	1.29	-0.47	-0.47	-1.44	-1.47	-0.33	-0.67	0.82	-0.09	-1.58	-0.28	0.27	-0.04	-1.19	-0.08	-0.12	0.17	0.44	1.11	0.12	-0.61	-0.70	1.37	0.69	-0.18	0.02	0.24	-0.25	1.86	-0.02
Sample_7	-0.29	-0.25	0.07	0.62	0.08	-0.92	-0.05	-1.37	0.09	1.12	0.84	1.01	0.37	-0.38	-1.03	-1.37	-0.62	-1.77	-0.06	-1.02	1.59	2.54	-0.44	0.13	-1.31	-1.03	-1.04	3.23	0.06	-2.47	-0.56	-0.23	0.84	-0.69	-0.38	-0.66	-0.74	-0.04	-0.58	-0.87	-0.95	0.28	0.31	-1.10	-0.83	-0.58	-0.55	-0.52	0.05	1.03	-0.38	1.42	0.12	-0.75	-0.41	-0.00	0.89
Sample_8	1.37	2.91	0.29	1.19	0.22	-0.77	-0.85	-1.18	0.48	-1.34	-0.18	-0.09	-0.78	-2.08	-0.81	-1.07	0.58	-0.60	2.54	2.91	-0.14	-1.96	2.10	-2.13	-1.07	2.27	1.12	-1.36	1.98	-1.20	0.28	-0.57	0.09	2.74	2.54	2.36	-1.45	2.91	2.31	2.27	1.58	0.14	-0.46	2.74	0.96	0.53	0.25	-0.57	-1.71	-0.65	0.40	-1.37	-1.71	1.68	2.47	-1.29	-1.49
Sample_9	-0.19	-1.62	-1.88	-0.45	-2.13	-0.84	0.87	-1.88	0.11	0.51	-1.15	-0.43	0.00	-0.36	0.49	-1.03	1.34	-0.79	-0.10	0.79	0.53	1.03	-1.60	1.27	-0.19	0.31	-0.50	0.67	-1.98	-0.64	0.53	-1.26	0.58	-2.03	-1.17	-0.92	-0.86	-1.39	-0.35	-0.66	-1.12	0.25	-0.35	-1.34	-1.24	-1.11	0.46	0.39	-0.42	-0.74	-0.43	1.64	-0.13	-1.17	-0.24	-0.19	0.74
Sample_10	0.41	-0.14	1.23	1.29	0.33	-1.34	-1.31	-1.65	0.86	0.82	0.82	0.68	0.56	-1.48	-0.15	0.38	-0.24	0.20	0.90	0.54	2.36	-0.13	0.85	0.46	-1.10	1.52	-0.69	-0.15	-1.15	-1.63	-0.26	0.77	0.92	0.44	0.46	0.02	0.19	0.63	1.02	0.67	0.61	0.92	0.48	-0.63	-0.04	0.14	-0.64	-1.17	-1.13	0.21	-0.52	1.40	1.16	0.04	-0.06	-0.65	-0.21
Sample_11	-1.37	0.11	-0.09	-0.90	-0.34	-0.74	1.03	0.03	-0.94	1.53	0.29	0.69	0.80	-0.18	-0.09	-0.36	1.28	-0.21	0.61	0.63	2.91	1.74	0.37	1.07	-0.52	0.73	-1.29	1.05	-0.11	-0.49	0.02	0.25	1.09	0.98	0.90	1.12	-0.04	1.19	1.63	0.67	1.16	0.46	0.22	0.38	0.81	0.17	-0.32	-0.14	-0.21	0.16	-0.04	-0.32	-0.43	0.70	0.79	0.17	-0.43
Sample_12	-0.38	-1.19	-0.60	0.32	-1.08	-0.26	0.67	-1.33	-0.05	0.12	-0.38	0.35	0.17	-0.31	-2.54	0.45	-0.45	-0.58	-0.23	1.77	0.74	-0.36	-0.81	0.63	0.83	0.56	0.12	-1.10	0.19	-1.73	-0.01	-1.73	0.16	-0.60	0.74	0.84	-0.31	-0.21	-0.30	-1.38	-0.69	-0.13	-0.73	1.48	1.57	1.08	-0.24	-0.60	-1.83	-1.03	0.48	-0.82	0.07	1.32	-0.54	1.94	-1.98
Sample_13	-0.02	-1.92	-2.41	-1.03	-0.05	-0.62	0.46	-1.06	-0.92	-0.31	-1.14	0.48	0.32	0.06	0.75	-1.13	-0.58	1.07	0.64	-1.08	0.83	2.13	1.15	0.39	1.03	-1.43	-1.06	0.27	-0.96	0.60	-0.20	0.76	0.69	-1.16	-1.98	0.15	1.07	-0.94	-0.32	-0.71	-1.09	-0.73	-0.37	-0.31	0.10	0.05	-0.62	0.53	1.64	-1.60	0.20	-0.26	0.04	-0.64	0.98	0.65	1.82
Sample_14	-0.45	-0.28	-1.56	0.50	-0.30	-2.08	0.06	1.27	-0.89	0.07	-2.10	-1.40	0.89	-0.38	-0.49	-1.46	-1.25	1.03	0.01	0.78	1.53	2.10	0.32	-0.32	0.45	1.29	0.58	-0.65	-0.81	-0.52	1.69	0.79	-0.28	-1.63	0.79	-0.32	0.96	-2.41	-0.91	-0.56	-0.39	-0.48	0.74	-0.59	-0.67	-0.87	-0.24	0.42	1.22	-1.20	-0.15	0.12	-0.09	-0.46	0.42	-0.05	1.68
Sample_15	0.37	-1.37	-0.97	0.65	-0.39	-0.76	-0.13	-2.74	-0.88	0.05	-0.01	0.99	-0.02	0.33	0.40	-0.44	0.77	-1.08	-0.20	-0.14	1.86	-0.95	-0.65	-1.08	1.36	-0.38	1.18	0.84	-0.17	-0.95	-0.53	-0.84	1.23	0.27	-0.55	0.49	0.47	-0.71	-0.45	0.22	-0.16	1.48	1.96	0.75	-0.13	-1.37	-1.76	-0.19	0.52	-1.29	-1.68	1.14	1.23	-1.66	-0.23	-2.03	0.20
Sample_16	-0.61	0.52	-0.02	-0.17	-1.42	-2.03	-0.40	-1.41	0.78	-0.42	0.00	0.61	-0.56	0.16	0.12	-1.12	1.68	-1.06	1.39	-0.38	0.93	-1.23	-0.52	-1.62	0.90	0.98	-0.81	-0.61	-0.69	-0.22	-0.31	1.18	0.36	0.50	-0.43	0.24	0.39	0.67	0.54	0.23	-0.25	0.11	0.30	0.69	0.15	-0.05	0.52	0.88	0.48	0.76	0.18	1.16	0.82	-0.43	-0.50	0.87	0.51
Sample_17	-0.51	-0.45	0.41	0.27	0.42	-0.57	-0.06	0.94	-0.23	0.56	0.40	-0.02	0.65	1.58	-0.57	0.53	-0.11	-1.47	-0.34	-1.34	1.48	1.86	-0.03	1.33	0.61	-1.29	-3.23	0.44	-1.62	-0.39	-1.09	-0.69	-0.25	-1.90	-0.64	1.03	-1.06	-0.72	-1.12	-0.73	-1.02	0.19	-0.28	0.57	0.32	0.20	-0.41	-0.24	-0.13	1.23	-0.32	1.96	0.31	0.10	-0.94	-0.18	-0.37
Sample_18	-1.76	-1.30	0.13	0.94	0.51	0.53	0.09	-0.73	-0.43	1.18	-1.09	-0.58	0.64	0.36	1.54	0.26	0.41	-0.86	-0.88	1.01	-0.61	1.94	0.59	1.03	-1.28	-0.70	-0.23	1.64	0.19	-1.48	-1.29	-0.86	-0.61	-0.04	0.13	-0.43	-2.20	0.46	-1.58	-0.71	0.62	0.94	1.19	-0.94	-1.18	-1.49	-0.37	-0.53	-0.05	0.03	-1.52	1.83	0.80	-0.97	-0.15	-1.94	0.43
Sample_19	0.58	-0.38	-0.51	-0.10	1.15	-0.76	-0.31	-2.41	-0.86	0.09	-0.07	0.59	-0.76	-0.42	-0.52	0.09	-0.63	-1.21	-0.49	-0.00	1.26	2.20	-0.45	1.29	0.67	0.72	-0.39	2.13	1.02	-2.03	1.09	0.38	-1.10	0.60	0.13	-0.71	1.06	1.34	0.88	0.56	1.30	1.18	-0.35	-0.45	-1.39	-0.99	2.31	1.06	-0.84	0.23	-0.75	0.76	-0.63	-0.62	0.95	-1.48	-0.80
Sample_20	1.13	-1.21	-0.27	0.86	-0.11	-0.25	-0.20	-0.34	-0.26	1.46	-0.22	0.34	-0.66	-0.67	-0.17	-0.30	0.48	0.83	-0.04	-0.60	2.54	1.54	-1.07	-0.20	1.10	0.88	0.33	0.52	-0.89	-0.74	0.23	-1.30	0.22	0.34	1.02	0.04	1.96	-0.03	-0.58	-0.46	-1.33	1.34	2.10	-1.14	-0.56	-0.79	-1.82	0.14	2.03	-0.61	-1.03	2.27	2.16	-0.57	-0.16	-0.60	2.63
Sample_21	-1.45	-1.88	-1.26	-0.25	0.54	-1.86	-0.28	-1.26	-1.78	-2.36	-1.60	-2.36	-0.30	-0.60	-1.85	-1.27	0.91	-1.06	0.72	0.67	-1.01	-1.34	-0.00	0.17	1.92	0.77	0.07	-0.13	-0.14	-1.08	0.72	0.75	-2.54	-0.38	-2.00	0.76	-0.42	1.62	1.49	1.74	1.59	-0.95	-0.06	0.84	1.05	1.34	-0.70	-0.38	0.01	-1.21	0.84	0.13	0.27	1.07	0.33	0.97	-0.31
Sample_22	-0.81	0.39	1.02	0.09	2.23	-2.74	-0.20	-1.35	-0.58	-0.97	-1.25	-1.16	-0.68	1.57	-0.04	-0.38	0.81	0.60	-0.34	0.53	1.78	-1.26	-0.27	-0.59	-0.29	1.18	0.71	0.22	-0.34	-0.87	-0.57	-0.38	-1.71	-0.32	-1.34	1.76	-0.14	1.23	0.90	0.81	0.79	-0.98	-0.22	1.60	1.33	1.15	-1.06	-0.80	0.15	0.05	1.00	-0.25	-0.57	0.99	0.73	0.70	-0.94
Sample_23	-0.23	-1.26	-0.54	0.50	0.57	0.02	1.02	0.33	0.01	-1.23	-1.33	0.57	-0.43	-1.02	-0.79	1.70	-0.22	0.74	0.23	0.56	0.52	0.60	0.36	0.35	0.08	0.79	-1.94	-0.88	1.52	-1.86	1.48	1.10	-1.63	0.66	1.29	-0.23	1.66	1.46	1.10	-0.16	0.75	-0.19	-0.61	0.27	-0.16	-0.02	2.05	1.49	-0.12	-1.22	0.38	-0.18	-0.84	0.54	-0.25	-0.38	-0.53
Sample_24	0.58	-1.55	0.00	0.71	-0.93	1.15	-0.39	-1.77	0.55	0.66	0.16	1.88	1.02	-0.17	0.29	0.32	0.60	-0.48	0.43	1.03	0.31	-0.84	-0.31	-0.40	1.23	0.90	1.02	-0.04	0.47	-0.66	0.07	-0.94	-1.62	-0.32	-0.16	0.12	1.32	0.12	0.44	0.38	0.06	-0.38	0.10	-0.14	0.18	0.05	-0.17	-0.40	-0.69	-1.14	0.43	-0.11	0.01	0.44	1.16	1.22	-0.46
Sample_25	0.16	-2.05	-0.71	-0.29	-0.12	-0.31	-0.09	-1.85	0.18	-1.07	-1.19	-1.52	-0.33	-0.07	-0.39	-0.75	0.19	-0.00	-1.64	-2.03	-0.07	-0.32	0.18	-1.65	0.01	-1.44	-0.28	-1.03	0.62	-1.49	1.27	-1.00	-0.51	-0.54	-0.90	0.98	1.41	1.58	1.18	1.39	1.42	-0.53	-0.29	0.57	0.74	0.54	-0.64	1.20	2.00	0.34	0.32	-0.12	-0.02	0.58	1.56	-0.02	2.03
Sample_26	0.20	-0.58	0.71	0.11	-0.22	0.19	0.07	-0.72	1.56	-1.28	-1.43	-0.45	-0.94	1.15	-0.79	-0.25	-0.35	-1.96	0.18	-1.25	1.54	1.60	0.42	2.47	1.08	-0.05	0.70	-0.15	-1.19	-1.57	0.75	0.09	-0.17	-1.14	-0.76	-0.21	-0.46	-0.47	-0.38	0.81	-0.28	0.28	0.33	-0.42	-0.65	-0.41	0.51	1.21	0.93	-0.19	-0.10	1.13	-0.22	-0.61	0.53	0.04	1.80
Sample_27	-0.13	-0.76	-1.31	0.47	0.18	-0.90	-0.33	0.17	0.13	0.06	-0.51	-0.49	1.90	0.50	-1.60	-0.33	0.13	-0.10	0.22	-1.21	1.13	-1.73	0.67	-1.69	1.73	-0.31	-0.43	-1.59	-0.64	-1.26	1.01	-0.22	-1.96	-0.43	0.65	0.75	0.83	0.84	1.01	0.50	0.39	-0.62	0.22	0.50	1.13	1.22	-0.15	0.24	-0.09	-0.12	0.88	0.71	0.45	1.71	0.78	1.68	-0.15
Sample_28	-0.02	0.22	-1.12	0.07	-0.37	1.02	-0.87	0.02	0.24	2.27	0.88	1.94	0.31	0.02	-0.12	-1.09	-0.17	-0.41	1.05	-0.50	1.65	2.41	-0.58	0.68	-0.30	1.48	-0.18	0.89	0.76	-0.70	0.80	-1.29	-0.95	0.51	2.13	1.06	0.21	0.79	-0.60	0.16	0.37	0.04	0.47	0.95	0.39	0.04	0.66	0.97	0.81	0.65	0.09	0.78	0.17	1.29	1.05	-0.43	-0.05
Sample_29	-0.45	-0.52	-0.76	-0.08	-1.80	-0.30	-1.10	-0.52	-0.21	0.81	1.02	0.83	0.50	-0.74	0.70	0.67	1.58	-0.26	0.15	-1.34	1.25	1.88	-0.33	0.64	-0.00	0.56	-1.55	1.25	0.03	-1.12	-0.16	-0.77	-1.53	0.56	0.24	0.09	-1.25	0.41	-0.23	0.19	-0.24	1.13	0.46	-0.25	0.07	0.06	-0.76	-1.07	-1.47	-0.32	-0.41	1.59	1.08	-0.28	-1.64	0.65	-0.74
Sample_30	-0.26	0.17	0.19	1.50	-1.02	0.60	-0.57	0.74	3.23	1.48	0.69	0.86	0.07	0.69	1.31	0.89	1.51	0.33	2.91	1.34	1.10	-1.86	0.40	-2.08	0.24	2.00	-1.71	-2.20	0.51	-2.54	1.65	1.04	0.10	-0.76	1.07	0.93	-0.12	-1.53	0.02	-0.05	0.54	-0.93	-0.89	0.86	0.69	0.70	0.77	0.79	-0.70	-0.75	0.81	-1.15	-0.41	0.73	-1.68	1.41	-0.81
Sample_31	-1.31	1.86	1.38	0.83	-0.20	-1.56	-0.97	-0.17	0.72	-0.08	0.89	-0.14	-0.86	-0.74	0.67	-1.52	-0.69	-0.62	0.47	-1.41	2.03	1.85	-0.08	-0.40	0.71	1.56	-1.18	-1.56	1.11	-0.83	1.46	0.03	-1.59	-0.28	0.63	0.66	0.19	0.89	0.65	0.38	0.22	-1.07	-0.70	0.64	1.11	1.19	0.47	-0.44	-1.35	1.42	1.01	-0.96	-0.28	1.53	-0.44	1.13	-1.80
Sample_32	-0.81	-2.16	0.03	0.38	-2.10	-0.38	0.20	0.26	1.12	1.34	-0.17	0.48	0.34	-1.06	-0.58	0.22	0.47	-0.31	-0.62	1.51	-0.87	2.91	-0.30	2.23	-0.64	-0.02	-0.10	1.31	-1.20	-1.35	0.62	1.62	0.88	0.53	0.75	-0.04	0.80	-1.03	-1.23	-1.10	0.30	1.07	1.42	-1.06	-0.85	-1.66	-0.94	0.44	0.92	-0.67	-1.38	0.99	0.77	-0.96	-0.58	-1.98	1.35
Sample_33	-0.27	0.28	0.75	1.94	1.52	0.14	1.20	0.87	0.54	-1.55	-0.57	0.39	-0.08	-1.38	-0.81	0.33	0.29	0.24	0.41	1.16	1.51	0.50	-0.69	0.43	0.22	0.68	-0.27	-0.68	-0.16	-0.21	0.44	1.01	-0.81	-1.29	-0.54	0.69	-0.51	0.29	0.70	1.45	1.68	-1.62	-1.57	0.85	1.44	2.13	-0.04	-0.22	0.08	-0.66	1.70	-0.95	-1.25	1.69	-0.17	1.59	-0.49
Sample_34	-1.21	0.03	0.44	0.31	1.57	1.48	0.84	-1.07	2.10	-0.28	-0.17	-1.04	-1.34	-0.32	1.13	1.15	1.69	-0.16	0.72	1.57	1.77	1.33	0.27	-0.24	-0.95	2.23	1.01	1.03	0.49	-2.20	-1.40	-1.12	-0.19	0.58	1.34	-0.85	-0.33	0.38	0.33	0.03	-0.00	0.41	1.03	-1.12	-0.90	-0.45	0.18	-0.09	0.72	1.01	-0.30	0.69	0.67	-0.67	-0.07	-0.15	1.37
Sample_35	0.32	0.05	1.03	0.47	0.22	1.94	-0.24	-0.47	-1.51	0.27	1.08	0.24	-1.03	0.51	-1.53	-0.26	-1.80	0.73	0.18	0.39	-1.50	-0.05	-1.54	1.16	-0.05	-1.92	1.33	0.62	1.14	1.04	-0.96	1.77	-0.89	-0.01	-0.27	0.92	1.12	0.61	0.76	0.87	1.07	-1.42	-1.18	0.90	1.83	1.82	-0.83	-0.32	0.06	0.25	1.63	-1.52	-1.08	1.54	1.60	1.08	-0.69
Sample_36	-0.42	0.32	0.39	-0.17	1.07	1.52	0.19	0.52	1.44	0.44	-0.01	1.70	-0.93	0.83	-0.91	1.13	0.63	0.37	1.36	0.74	-0.35	0.05	0.63	0.36	1.07	-1.76	-1.85	0.54	-0.10	-1.25	-1.45	2.41	-0.25	-0.58	0.08	-0.91	0.63	0.23	-1.21	-1.29	0.13	0.27	-0.38	-0.54	-1.34	-0.89	1.70	0.53	-0.70	0.11	-0.46	1.24	-0.17	-0.48	-0.56	-1.34	-0.30
Sample_37	0.06	-0.29	0.72	1.19	0.07	-0.79	0.72	0.36	0.00	-1.49	-1.83	0.37	-1.57	-0.51	-0.50	1.07	-0.36	-0.91	0.01	0.45	1.19	0.34	1.46	0.03	0.31	1.12	-0.40	0.70	0.81	-1.65	-1.92	-0.31	0.59	1.08	-1.12	-0.33	-1.43	0.03	0.40	0.26	0.77	1.73	0.68	-0.82	-0.34	-0.39	-0.71	-1.34	-1.03	0.57	-0.91	0.87	0.32	-0.29	0.57	-0.91	-0.57
Sample_38	0.88	0.02	-0.16	0.39	0.23	-0.02	-0.43	-0.14	0.82	1.47	-1.69	-1.00	-0.97	-1.04	-1.64	0.17	-0.55	-0.17	-0.48	1.23	1.49	0.17	0.99	0.56	0.14	-0.23	-0.14	0.35	-0.91	0.55	-1.98	2.05	-1.29	-0.68	-0.80	0.36	1.16	-0.37	-0.53	0.16	0.00	-0.28	-0.74	0.30	-0.39	-0.40	0.67	0.71	0.03	0.32	-0.25	0.77	-0.57	0.04	-0.65	-0.39	0.17
Sample_39	-0.99	0.58	-0.27	-0.41	0.17	-0.01	-1.34	-1.57	-0.65	-0.06	-0.62	0.15	-1.49	-0.76	-0.09	0.10	-0.13	-1.30	1.43	-0.31	1.85	0.90	-1.83	-0.38	-0.43	1.83	-0.05	-0.54	0.67	-0.63	-1.63	1.54	-0.76	0.85	0.16	-0.70	1.31	0.45	-0.38	-0.55	-0.87	1.65	1.59	-0.39	-1.11	-1.25	0.30	1.13	0.13	-1.37	-0.82	1.88	1.31	-1.09	-1.01	-1.09	0.56
Sample_40	-2.23	0.66	1.98	1.64	0.13	1.62	1.19	0.72	0.99	0.31	-0.72	-0.83	-0.85	0.76	-0.46	0.77	-1.40	0.24	1.66	2.31	0.81	-0.84	-0.18	-0.78	0.50	2.54	1.66	-2.47	-1.82	1.50	-0.70	1.34	-0.15	-0.30	-1.86	-1.55	-1.98	0.18	-0.85	-0.17	-0.04	-0.64	0.09	-0.40	0.64	0.66	-0.84	-0.38	-0.43	-0.99	0.45	0.47	0.53	0.12	0.06	0.72	-0.13
Sample_41	-1.96	1.50	1.09	1.68	1.13	0.22	0.48	-0.47	-1.77	-1.90	-1.90	-1.83	-1.63	-1.88	-1.47	0.50	2.16	-0.33	1.07	-0.85	1.90	-1.37	-0.67	0.49	-0.82	1.20	0.68	0.40	-0.30	-0.05	0.20	1.13	-0.79	-0.22	-0.51	0.30	-1.71	-0.13	0.34	0.63	1.66	-0.84	-0.48	0.26	0.35	0.63	1.03	0.27	0.72	-3.23	0.91	-0.61	-0.91	0.46	1.52	1.19	0.38
Sample_42	-0.57	0.46	0.57	0.48	2.20	-0.18	-1.54	0.07	0.83	1.34	-0.11	0.72	0.10	0.00	-0.25	0.53	1.56	-1.63	0.17	-0.12	0.12	1.24	0.51	0.04	1.12	-0.84	0.46	-0.33	-0.91	1.34	-0.17	1.42	-0.21	-1.94	1.13	-0.34	-0.29	-2.16	-0.68	-0.20	-0.58	-0.41	-0.23	-0.64	-0.52	-0.63	0.03	0.47	0.41	-0.45	-0.11	-0.33	-0.45	-0.45	0.38	-0.57	1.06
Sample_43	-0.21	0.63	1.27	0.40	-1.25	-0.26	-0.63	-0.05	-0.30	-0.88	0.16	1.25	-0.98	-0.10	-1.94	-1.39	0.43	-0.42	0.08	-0.25	0.02	0.81	-1.42	-1.30	-0.21	0.52	0.45	-0.87	2.91	0.85	-0.02	1.90	-1.45	1.60	1.12	0.60	2.31	3.23	2.74	1.94	2.63	-1.85	-2.47	1.96	1.34	1.42	1.43	0.96	0.18	1.25	2.08	-2.74	-2.91	2.03	2.20	-0.25	-1.71
Sample_44	-0.12	-0.08	1.21	0.96	1.26	-0.61	-1.03	0.51	1.23	1.51	-0.27	-0.90	-1.32	-0.46	-1.63	1.42	-0.25	0.19	0.17	-0.78	1.46	1.05	1.27	-1.28	0.81	1.15	-1.19	-0.16	-1.54	0.72	-0.15	1.53	-0.12	-1.74	-2.47	0.45	0.84	-0.28	-0.31	-0.24	-0.47	-0.89	-0.71	0.73	0.55	0.56	1.05	1.02	-0.54	-0.65	0.63	-0.69	-0.57	0.42	-1.71	0.60	-0.48
Sample_45	-0.49	2.20	1.15	-0.27	1.78	-1.08	1.12	0.84	-1.14	-0.38	0.34	-0.29	-0.04	-0.42	0.69	0.12	-0.59	0.01	1.20	0.24	2.10	2.74	0.33	0.12	-0.95	-1.13	-0.69	0.62	-0.84	1.30	-0.49	1.02	-0.16	0.84	0.14	0.37	-1.33	0.99	-0.11	-0.01	-0.77	0.45	-0.61	0.36	0.35	0.98	0.70	0.35	0.55	1.68	0.31	1.48	-1.06	0.80	0.67	-0.45	0.43
Sample_46	-0.91	0.69	0.97	0.92	-0.98	0.70	-0.11	0.11	-1.08	-0.98	-0.90	-1.71	-0.13	0.20	0.13	-0.37	-0.39	-0.87	0.96	0.20	0.36	1.58	2.08	-0.06	1.66	-0.11	0.16	-0.81	1.50	0.27	0.33	1.51	0.85	0.90	-0.46	1.15	-0.58	1.29	1.14	0.99	1.48	-0.05	-0.60	1.29	1.12	1.54	-0.56	-0.63	-0.82	0.44	0.42	1.28	-0.18	1.09	-0.23	0.47	-0.91
Sample_47	-0.79	0.82	0.46	0.36	-1.20	0.46	-0.01	-0.51	0.38	-1.66	-0.44	-1.42	0.20	-1.01	0.44	0.23	1.43	-0.14	0.17	-0.37	-0.28	0.38	0.73	-1.02	1.51	0.68	0.30	-0.97	0.24	0.79	0.43	2.16	-1.11	0.35	-0.07	0.85	-0.54	0.41	2.03	1.71	1.07	-1.31	-1.21	2.23	1.29	1.29	0.91	0.72	-0.46	0.74	1.66	-1.71	-1.19	1.13	0.99	2.16	-1.83
Sample_48	-0.75	0.06	0.80	-0.13	-0.69	-1.51	-0.63	-1.76	-1.21	0.32	0.04	0.39	0.36	0.62	0.70	-1.21	1.10	0.85	0.98	-0.22	0.51	0.83	-1.12	-0.72	-0.79	1.05	-1.66	0.25	0.98	0.41	-0.62	1.43	0.54	-0.72	0.58	-0.55	-0.53	-0.70	0.83	0.42	-0.53	-0.25	-0.59	-0.49	-0.35	-0.13	0.33	-0.29	-0.21	0.97	0.41	0.02	-0.64	-0.70	-1.10	1.45	0.66
Sample_49	-0.84	1.32	1.23	1.15	-0.02	-1.77	-0.53	0.53	0.35	0.09	0.93	-0.08	0.94	-1.30	0.37	1.49	-0.72	-0.64	0.67	-0.15	1.56	1.65	0.58	0.60	1.41	0.51	-0.17	0.54	0.13	1.16	0.88	0.19	-0.23	-0.37	-0.79	0.53	-0.64	0.26	-0.49	-1.13	-1.07	-0.35	-0.18	0.58	0.38	0.42	0.08	-0.20	0.22	1.57	0.15	0.74	0.28	0.43	-1.04	-0.23	-0.14
Sample_50	-1.63	0.57	-0.44	0.19	1.31	-0.48	-0.11	1.43	-1.41	-0.57	-1.92	-1.28	1.06	-0.47	1.68	0.43	0.62	0.03	0.25	1.65	-0.44	1.16	0.93	0.12	0.92	-0.43	0.65	-0.33	0.71	0.25	-0.54	0.48	0.10	-0.41	-0.31	-0.79	-0.60	-0.32	-0.32	-0.53	0.24	0.44	0.12	-0.60	-1.09	-1.09	0.22	-0.48	0.09	-0.15	-0.55	0.67	-0.48	-0.80	-0.53	-0.84	0.09
Sample_51	-0.06	0.38	1.54	0.39	1.73	0.75	-1.25	1.10	0.11	0.24	0.90	1.04	0.47	-0.34	-0.57	-0.39	0.34	-1.17	-0.23	-0.31	0.89	2.36	-0.74	1.24	-1.45	-0.53	-0.38	1.28	0.90	1.88	0.53	1.83	1.11	0.26	-0.44	1.02	-0.22	0.40	0.52	1.00	1.28	-0.68	-0.76	0.54	0.57	0.58	-0.37	-0.01	0.49	-0.66	0.58	-0.42	-0.25	0.62	-0.96	0.56	0.48
Sample_52	0.51	0.80	0.40	1.77	0.85	0.04	-1.55	0.27	1.66	0.93	0.77	-0.09	0.44	-0.60	-0.66	1.48	-0.13	-0.22	0.74	0.99	0.64	1.68	1.86	0.90	1.71	0.22	-1.33	-0.22	-0.22	0.26	-0.21	1.73	0.13	-0.68	0.03	-1.18	1.18	-1.15	-0.62	-0.97	-0.19	0.66	0.21	-1.17	-1.31	-1.17	0.48	-0.34	0.21	1.19	-0.63	1.25	0.14	-1.02	-1.12	-1.07	1.01
Sample_53	-0.14	-0.02	-0.40	0.01	1.32	0.08	2.13	-0.90	-0.24	-0.58	-1.24	-0.04	0.51	0.43	0.58	1.10	1.02	0.75	-0.13	-1.04	0.98	-1.22	-0.56	-0.73	-0.29	-0.70	0.79	-1.04	1.68	0.55	-1.55	1.58	1.08	0.28	0.02	-0.14	0.22	0.73	1.31	0.80	0.70	-0.26	0.09	0.11	0.28	0.10	0.17	0.32	-0.45	-0.91	0.36	-0.37	-0.36	0.10	0.60	-0.31	-0.09
Sample_54	-0.51	-1.35	0.05	-0.68	1.03	-0.43	-1.28	-0.72	1.10	-1.30	-1.09	-0.72	-0.64	0.24	-0.31	-0.17	-1.98	0.27	0.42	-0.20	1.66	-0.18	-0.94	1.60	0.64	0.71	-1.03	1.19	1.40	0.74	1.37	1.92	0.36	-0.84	-0.98	0.67	0.51	0.05	0.49	1.66	0.60	-1.04	-0.31	0.85	0.48	0.51	0.94	1.65	0.87	-1.58	0.83	-0.32	-0.54	0.62	-0.62	1.10	1.17
Sample_55	0.25	-0.38	-1.13	-0.28	0.34	0.28	1.59	0.56	1.29	0.33	0.03	-1.10	1.38	-0.37	1.17	0.95	-0.15	0.47	0.94	1.31	1.29	-0.34	0.54	-0.84	0.15	0.00	-0.54	-0.54	0.80	-0.17	-0.42	0.52	-0.86	1.41	0.28	0.30	0.55	1.06	0.09	0.28	-0.05	-1.10	-0.23	0.65	0.48	0.74	1.20	0.92	0.78	0.26	1.33	-0.66	-0.19	0.79	1.58	0.99	0.65
Sample_56	-1.55	-1.08	0.30	1.88	-0.96	-0.34	-1.88	-1.22	0.92	0.03	0.13	-0.19	0.00	0.50	0.53	-0.43	2.91	-1.66	0.60	-0.45	0.76	-2.36	0.18	-0.95	-0.81	0.05	0.05	-1.66	-0.74	-1.38	-0.93	0.43	0.39	0.09	2.05	0.07	-0.05	0.88	-1.36	-0.27	-0.76	0.67	1.94	-0.27	-0.45	-0.81	-0.01	0.89	1.37	-0.70	-0.91	1.77	1.10	-0.20	-0.40	-0.97	1.56
Sample_57	-0.69	0.00	-0.46	-1.34	0.62	0.64	-0.95	-0.48	-1.31	1.03	0.99	0.75	-1.21	-0.23	-0.81	0.21	-1.68	1.19	-0.18	1.11	-1.92	-1.53	-2.03	-1.70	-0.54	-2.41	0.42	-0.09	-1.60	1.03	-1.01	-0.07	0.71	1.63	0.88	0.98	0.68	0.15	1.37	1.40	1.18	0.18	-0.19	0.98	0.72	0.17	-0.39	0.14	0.28	-0.84	0.44	-1.07	-0.68	0.42	1.55	0.13	0.35
Sample_58	0.43	-0.89	-0.38	0.48	-1.78	0.46	-0.39	-1.25	0.47	0.68	-0.53	-0.69	-0.02	-0.94	0.76	0.22	-1.52	-0.93	1.31	-0.30	-1.53	-0.43	0.87	1.40	1.29	-2.31	-0.48	-1.02	-0.35	-0.07	-1.71	-0.67	-0.70	0.16	0.32	-0.52	2.91	-0.21	-0.89	-0.38	-0.84	0.59	1.36	-1.47	-1.76	-2.00	-1.06	1.06	2.41	-0.09	-1.41	1.49	1.37	-1.00	0.26	-1.52	2.91
Sample_59	-0.70	0.49	-0.49	0.67	-2.36	0.24	0.99	-0.72	0.74	0.94	0.76	0.27	0.82	-0.59	0.30	0.31	1.52	0.56	0.68	-0.04	0.49	1.51	1.10	-0.93	1.12	-0.06	0.61	0.76	0.48	-0.42	-0.60	0.01	-2.16	0.41	0.20	-1.68	0.66	-1.01	-0.72	-0.62	-0.44	0.50	1.08	-1.48	-1.57	-1.23	0.05	-0.07	0.31	0.28	-0.71	1.37	0.65	-1.18	-0.88	-0.94	1.47
Sample_60	0.47	0.38	1.82	-0.48	-0.02	1.29	0.02	-1.47	0.15	-1.96	0.11	-0.48	-0.42	-0.79	-0.87	-2.23	0.90	0.85	-0.01	-0.10	0.34	-0.30	-0.44	-0.44	0.41	0.34	-0.27	-0.17	0.84	-1.40	0.00	0.74	-3.23	0.90	-1.05	0.28	0.78	-0.10	0.13	0.83	1.15	0.38	-0.63	0.87	0.49	0.79	1.11	1.21	0.57	1.09	0.27	-0.00	-0.67	0.25	1.09	0.20	-0.02
Sample_61	-0.13	0.10	0.84	0.63	0.57	-0.42	-0.06	-0.43	0.20	-1.04	-0.14	0.36	-2.03	0.34	0.80	0.65	0.04	0.66	0.81	0.22	2.27	2.27	-1.66	0.52	-0.62	0.70	-1.73	1.45	1.08	-0.74	0.27	0.16	0.86	0.62	0.75	0.48	-0.89	0.49	0.92	1.06	1.49	-0.04	-0.20	0.08	-0.03	-0.19	-0.16	-0.02	0.70	-1.42	0.14	0.08	-0.23	0.15	-1.16	0.22	1.06
Sample_62	0.04	-0.39	-0.12	0.40	0.17	1.18	0.21	-0.53	0.28	-0.27	-1.21	0.11	-1.50	0.00	-0.13	0.55	-1.92	-1.09	1.23	-0.49	-1.65	1.44	-0.39	1.57	0.63	1.24	-0.16	-0.08	2.63	0.52	-0.15	-0.47	0.79	-0.94	-0.60	-0.37	-0.23	1.65	1.24	0.13	0.14	-1.00	-1.56	0.51	-0.10	0.11	1.77	0.53	-0.50	-0.87	1.29	-1.90	-1.52	-0.02	0.65	0.91	-0.99
Sample_63	-0.13	-1.23	-0.42	0.58	-1.73	0.53	-0.52	-0.54	1.94	0.68	0.96	0.16	-1.06	-0.48	-0.21	-0.88	-0.22	0.42	-0.60	0.32	0.84	1.71	0.08	0.45	2.23	0.58	-1.31	1.37	0.25	-1.18	-0.76	-0.80	0.92	-0.64	-0.04	0.01	0.45	-0.27	-0.33	0.10	0.16	1.13	0.16	-0.17	-0.71	-0.89	0.10	-0.28	-0.44	1.41	-0.93	0.92	-0.13	-0.08	-1.43	-1.13	0.11
Sample_64	0.55	-0.80	-0.82	1.14	-0.55	-0.41	0.67	-1.06	1.49	0.57	-0.90	-1.58	-1.71	0.45	-1.58	0.49	-1.65	1.39	1.33	1.12	0.03	0.18	0.86	0.78	1.00	-1.26	1.15	0.59	-0.28	-0.64	-2.00	-1.66	-2.36	0.62	0.56	0.66	0.74	0.00	0.41	1.41	2.00	-0.88	-0.96	0.51	0.87	0.93	-0.53	-0.08	-0.29	-1.11	0.86	-1.27	-1.13	1.96	0.48	0.68	-0.28
Sample_65	-0.41	-1.96	-0.60	1.55	-0.64	-0.87	-1.04	-0.26	1.17	-1.47	-0.89	-1.16	-2.20	0.10	0.15	-0.29	0.60	0.17	1.00	0.41	1.63	1.04	0.37	-0.91	1.76	0.54	-0.48	-0.25	-1.64	-0.02	0.29	-0.05	-1.47	-2.08	-1.49	0.59	-0.77	-2.03	-0.18	-0.28	-0.89	-1.30	-0.99	1.07	0.74	0.64	0.05	-0.39	-0.38	-1.04	1.10	-0.54	-0.79	0.94	-1.34	2.31	-0.76
Sample_66	-0.89	0.04	-0.92	-0.54	-0.69	1.31	0.43	1.14	2.63	-0.84	-0.52	0.60	0.68	0.81	-1.76	0.57	-1.19	-1.25	1.88	-0.34	0.69	2.31	-0.32	0.76	0.50	1.50	0.06	1.07	0.88	-2.91	0.58	0.07	1.32	-0.29	-1.90	0.93	-0.51	0.11	0.07	-0.67	-0.25	-1.44	-1.48	0.78	0.79	0.99	0.85	0.58	-1.23	-0.16	1.46	-1.25	-1.56	0.85	0.78	1.01	-0.97
Sample_67	0.35	1.38	1.66	1.51	1.90	0.74	0.01	0.28	-1.19	0.17	1.43	-2.74	-1.20	0.22	-0.12	0.36	0.92	1.12	0.89	1.58	1.38	1.14	0.38	-0.96	0.65	1.92	0.24	0.90	0.67	-1.37	-1.57	-1.25	1.16	-0.00	0.98	0.74	0.31	0.16	1.38	1.65	0.67	-0.51	-0.40	1.37	0.70	0.77	-0.21	0.26	0.26	0.15	0.62	-0.51	-0.68	0.66	0.80	0.95	0.28
Sample_68	0.11	-1.19	-1.42	-1.39	0.78	-0.44	-0.26	-1.42	0.05	-0.35	-0.44	-1.37	-2.54	-0.06	-2.20	-0.09	-1.74	-0.29	0.27	-0.28	-1.31	3.23	1.54	1.88	0.89	-1.82	0.52	2.41	1.01	0.27	-1.66	0.22	-1.01	0.34	0.11	0.41	0.47	0.51	0.39	0.91	1.00	1.21	1.52	-0.28	0.05	-0.27	-0.72	0.39	1.73	-0.90	-0.84	1.04	1.29	-0.12	0.06	-1.02	2.10
Sample_69	-0.39	-1.18	-0.93	-0.06	-0.44	0.03	0.63	-1.28	-0.57	-0.63	-2.13	0.02	-1.12	0.42	0.14	-0.59	0.83	-0.44	0.26	-0.40	-2.27	0.42	-1.32	-0.28	1.09	-0.34	-0.54	-0.84	0.85	0.22	-1.80	-0.10	0.45	-0.25	1.16	0.19	0.78	-0.26	-0.34	-0.11	0.69	-0.17	-0.45	0.37	0.05	0.09	0.73	0.03	-0.20	-0.06	0.28	-0.73	-0.72	0.84	1.30	-0.28	-0.63
Sample_70	-0.48	0.17	-0.27	-0.27	-0.15	-0.99	0.26	-1.29	-1.07	1.41	1.18	-0.11	-0.62	-1.21	-1.18	-1.16	-0.63	-0.29	1.02	-0.60	-0.77	1.49	-2.41	1.16	1.11	-1.62	-1.47	-0.46	0.40	0.70	-1.08	-0.06	1.71	-2.20	-0.50	0.72	0.82	-0.48	-0.27	0.47	0.41	-1.92	-2.20	1.00	0.17	0.13	1.68	2.54	1.32	-0.06	1.42	-2.00	-1.70	0.95	1.42	-0.05	0.72
Sample_71	-0.59	-0.40	0.98	0.31	0.59	0.11	-0.50	0.31	-0.87	1.37	0.70	0.19	-1.01	-0.44	0.10	0.20	-0.81	-0.33	0.73	0.46	-0.74	2.63	-1.20	-0.42	1.57	-1.56	-0.70	0.48	0.35	-0.00	-1.04	0.58	-0.07	-0.91	-0.17	-0.86	-0.72	0.24	-0.71	-1.31	-1.03	0.13	0.68	-1.07	-0.52	-0.28	-0.54	-1.02	-0.38	0.96	-0.27	1.00	0.82	-0.56	-1.27	-0.42	0.22
Sample_72	0.05	-1.20	0.12	1.11	-0.88	1.26	-0.51	-2.31	-0.01	1.11	0.58	-0.03	-2.63	-0.33	-2.23	0.28	2.20	-0.49	1.01	-0.18	-0.73	1.00	1.02	0.62	0.88	-0.24	-0.29	-0.05	-0.57	-1.80	0.18	-0.34	-1.36	-0.44	-0.62	0.97	1.15	2.05	1.16	0.92	-0.30	0.05	0.90	0.15	1.30	0.70	-2.05	-1.42	-0.75	-1.56	0.24	-0.60	0.44	0.05	0.32	0.24	-0.16
Sample_73	-1.08	0.05	-0.69	0.89	-0.28	0.88	-0.77	-1.55	0.60	1.02	0.29	-1.63	-2.41	0.68	-1.96	-0.29	1.38	-1.26	0.32	-0.03	0.03	1.34	-0.37	0.07	2.54	-0.04	-0.70	1.12	-1.34	-0.67	-1.08	0.27	-1.42	-1.25	0.07	0.79	0.09	-1.65	0.23	1.13	1.32	-0.55	-1.03	0.40	0.40	0.59	0.48	0.67	-0.03	0.56	0.55	-1.06	-0.46	0.82	0.06	1.23	0.44
Sample_74	-0.76	-0.31	0.56	0.41	0.22	-0.09	0.78	0.08	-1.20	-0.33	-0.19	-0.64	-2.31	-0.99	-2.13	-1.66	0.45	-0.38	0.92	-0.09	-0.81	-1.49	-0.13	-1.66	0.38	0.27	-0.31	-1.08	-0.27	-0.68	-0.63	0.47	0.47	-1.50	-0.52	-0.79	2.05	-1.20	-0.47	-0.64	0.01	-1.53	-1.53	0.05	-0.51	-0.08	2.74	1.74	0.61	0.69	0.94	-0.86	-1.63	-0.06	0.28	0.54	-0.20
Sample_75	-0.85	-0.91	-0.97	-0.49	-1.16	-0.32	-0.75	-0.59	-0.13	-0.10	-0.38	-0.66	-1.98	0.41	-0.21	-1.48	-0.56	-0.88	-0.60	1.16	-1.60	1.34	-0.74	1.09	1.31	-1.37	-1.26	1.19	0.99	-1.46	-0.85	0.70	-1.65	-0.42	0.26	-0.33	-0.52	-1.74	0.56	0.35	0.64	1.01	-0.12	-0.38	-0.01	0.18	0.04	-0.38	-0.69	0.67	-0.51	0.26	-0.14	-0.45	-0.52	-0.57	-0.03
Sample_76	-1.77	-0.96	-1.28	-1.24	-0.40	-0.56	1.15	-1.38	1.27	1.69	1.98	0.29	0.88	-1.13	0.77	0.16	1.53	0.53	-1.35	-0.20	-1.39	0.33	-0.89	-0.28	1.70	-0.48	-0.14	-0.45	-1.42	0.42	-2.41	-0.50	1.15	0.17	-0.14	-1.78	-1.64	-0.47	-1.48	-1.50	-0.33	2.16	1.39	-1.88	-1.65	-1.37	-0.72	-1.49	-0.02	1.69	-1.77	2.13	1.74	-1.76	-0.97	-1.92	1.04
Sample_77	-1.02	0.94	1.74	0.93	0.53	1.43	-0.39	-1.13	0.95	-1.00	-0.56	-0.49	0.49	-0.56	0.72	0.19	0.44	-0.89	-0.12	1.78	-0.64	0.08	2.91	-0.65	1.13	-1.02	0.12	-0.06	-1.78	-1.22	-1.32	0.94	0.24	1.49	-1.66	0.13	0.27	-0.19	-0.60	-0.98	0.43	-0.00	-0.74	0.59	-0.43	-0.27	1.29	0.84	-1.22	-0.33	-0.10	0.38	-0.69	-0.28	-0.59	-0.38	-1.16
Sample_78	-1.25	-0.41	-1.29	-0.76	1.19	-0.36	1.40	0.62	1.38	-0.05	-1.12	-0.96	0.96	0.16	0.64	0.12	0.21	-0.32	-0.25	-0.01	-0.94	0.87	0.06	-0.04	2.16	-1.05	0.13	0.51	0.97	0.23	-1.96	0.02	1.25	-0.76	-1.15	0.81	-0.67	-0.31	0.27	0.51	0.49	-0.44	-0.57	0.74	0.67	0.85	0.10	-0.01	-0.32	0.84	0.55	-0.50	-0.28	1.11	0.10	0.54	-0.23
Sample_79	0.64	-0.24	-0.10	1.08	-0.96	0.28	-0.22	1.33	-0.28	1.58	0.36	0.33	1.23	0.05	-0.60	0.51	-0.78	-0.68	0.24	0.64	-1.40	1.36	-0.46	0.88	-0.92	-1.42	0.56	0.83	0.37	0.34	-0.14	0.78	-0.99	1.66	0.72	1.13	-0.15	0.16	-0.05	0.37	0.95	0.89	0.10	0.64	0.50	0.53	0.32	0.42	0.79	-0.23	-0.22	-0.10	0.28	0.71	0.94	-0.60	0.34
Sample_80	-0.41	-0.23	-0.67	-0.22	0.32	-1.11	-0.76	-0.53	-0.84	0.16	0.87	-0.24	1.19	0.94	-0.80	0.39	1.37	-1.28	1.13	0.49	0.03	-0.61	0.44	-1.19	2.91	1.59	0.72	-1.16	0.12	0.99	-2.31	-0.34	-0.78	-0.03	1.47	-0.17	1.45	-0.17	-0.23	-0.13	0.07	0.75	0.53	0.05	-0.59	-0.70	1.52	2.41	1.68	1.35	-0.35	0.42	0.17	0.23	-0.42	-0.76	1.21
Sample_81	2.74	1.40	0.89	1.83	1.47	0.12	-2.91	-1.82	1.16	0.97	-1.80	-2.41	2.91	-1.03	0.10	1.96	0.21	-0.05	-1.47	0.17	-0.82	-1.05	-0.02	1.41	-1.18	-0.15	-1.54	-0.63	-1.96	-1.11	-1.83	-0.11	0.79	-0.66	-1.85	-0.59	-0.90	0.26	-0.44	-0.70	0.41	2.03	1.83	-1.26	-0.88	-1.26	-0.65	0.70	-0.64	-1.09	-1.65	0.86	2.41	-1.50	-1.36	-1.34	0.34
Sample_82	1.38	0.14	0.45	0.75	0.99	0.99	-1.60	0.49	-0.59	0.05	-1.22	-1.29	0.31	-2.00	-1.01	-1.47	-1.13	-1.23	-2.36	-0.80	0.05	-0.28	0.74	0.75	0.67	-0.27	-0.44	-0.33	-0.46	0.54	-0.13	-0.85	0.75	0.69	-1.23	-0.06	-0.79	-0.51	-1.41	-0.48	0.31	-1.73	-2.63	1.23	-0.30	-0.17	2.10	2.74	0.73	0.00	1.19	-1.88	-2.41	1.06	1.74	-0.87	-0.66
Sample_83	-0.74	0.45	0.22	0.86	-0.22	0.62	0.33	0.36	0.21	-2.41	-1.71	-1.65	-0.43	-1.01	0.47	0.86	1.45	0.36	-3.23	1.35	-1.77	-1.07	0.10	-1.11	-0.44	0.23	0.06	-1.26	-1.09	-0.49	-0.34	1.40	0.76	0.46	-0.05	0.49	-3.23	-0.72	0.72	-0.21	-0.58	0.24	0.13	0.40	0.03	0.23	0.29	-0.14	-1.34	-1.73	-0.09	0.65	0.93	-0.58	-0.26	0.60	-0.58
Sample_84	0.00	0.63	-0.58	0.46	-0.88	-0.22	-0.24	-0.56	0.06	0.21	0.64	0.72	1.24	-0.50	-0.38	0.14	1.12	-2.05	-0.72	-1.54	0.75	-0.57	-0.97	-1.12	1.56	-0.46	0.23	-0.29	0.73	-0.93	-0.42	-0.22	-0.57	1.85	1.32	-0.98	1.64	1.31	0.51	0.04	-1.06	0.79	1.04	-0.61	-0.53	-0.35	1.19	0.45	0.10	-0.74	-0.41	-0.27	0.78	-0.31	0.68	-0.49	0.41
Sample_85	0.50	0.17	0.62	0.57	0.21	-0.67	1.44	-0.98	0.16	1.20	0.53	1.77	-1.10	-0.56	0.45	-2.13	1.64	-0.69	-1.71	-0.65	-0.57	-1.98	-1.78	-0.27	0.60	0.24	0.17	-0.97	-0.40	-0.74	-2.54	0.83	0.57	0.06	0.92	-0.20	1.26	1.09	1.43	0.19	-1.68	0.12	0.94	-0.29	0.42	0.44	-0.80	-0.97	-1.46	-0.47	0.43	-0.81	1.49	0.35	-1.29	0.80	-0.65
Sample_86	-0.79	1.49	1.32	-0.08	-1.98	0.72	-1.62	-1.92	-0.25	-0.72	0.68	0.56	0.68	0.22	0.44	-0.46	0.97	0.70	-1.65	-0.04	-1.33	0.73	-1.34	0.90	0.29	-0.43	-0.33	0.30	0.24	-0.70	-0.96	0.09	0.51	-0.98	0.31	0.54	-0.37	0.42	0.28	0.76	0.95	0.34	0.52	0.63	0.37	0.59	-0.26	-0.24	-0.26	1.08	0.02	0.20	1.34	0.17	-0.67	0.17	-0.08
Sample_87	1.55	-0.97	-1.66	-0.19	-1.47	0.32	0.17	-0.76	0.87	1.62	-0.42	0.74	2.03	-1.39	-0.72	-0.05	0.01	-0.15	-1.88	-0.28	-0.17	-0.05	2.20	-0.45	-0.38	-0.57	-0.79	-0.65	-1.73	0.50	0.67	-0.12	0.60	0.29	0.83	1.94	0.98	0.20	0.20	-0.08	-1.37	-0.06	0.22	0.39	1.38	0.26	-2.20	-1.01	-0.63	-1.45	-0.40	0.20	0.65	1.01	-1.05	-0.01	-0.40
Sample_88	-0.59	-2.91	-1.70	-0.88	1.26	-0.64	-0.17	0.88	-1.31	0.83	-0.43	0.58	-0.68	-1.12	-1.36	0.08	-2.47	-0.75	-0.58	-0.46	-2.47	1.23	1.37	-0.75	0.11	-0.83	1.32	-0.49	1.96	-1.17	-1.04	0.55	0.94	0.18	0.41	-0.34	1.80	-0.17	0.97	0.86	1.35	-0.20	-0.03	-0.88	-0.58	-0.33	0.23	1.64	2.31	-0.02	0.10	0.14	0.79	0.25	1.57	-0.09	1.69
Sample_89	1.86	0.12	-0.05	1.00	-0.92	-0.16	1.54	-1.31	-0.49	-0.10	-0.19	-0.86	-1.25	-0.12	-1.68	0.02	0.71	-0.80	-1.42	0.34	-0.23	0.95	0.74	1.49	0.47	-0.45	-0.06	0.78	-0.35	-0.44	-1.50	-1.02	1.73	2.36	-0.70	-0.95	1.29	-0.30	-1.34	-0.61	-0.14	2.91	1.28	-0.28	-1.13	-1.38	-0.19	0.05	0.48	0.50	-2.36	-0.38	0.99	-1.40	0.58	-2.31	0.21
Sample_90	0.92	0.18	0.68	1.34	-0.42	-0.14	0.40	0.05	0.88	-0.39	0.01	-0.25	1.85	-0.57	-0.12	0.28	0.92	1.70	-0.83	-1.39	0.07	-0.58	-0.59	-1.64	0.93	0.53	-1.01	-1.17	-0.15	0.79	-0.35	-0.30	0.35	0.38	1.06	0.28	-0.58	0.27	0.59	0.33	0.32	-0.15	-0.81	0.62	0.13	-0.10	1.28	1.09	-0.08	0.85	0.47	-0.37	-0.40	0.44	0.91	0.35	-0.31
Sample_91	0.03	1.36	0.24	0.64	-0.90	-0.89	1.06	0.84	0.94	0.35	0.75	0.49	0.17	-2.54	1.56	0.44	-0.11	-0.54	-0.72	-0.72	0.71	-0.71	-0.87	-1.15	-1.39	1.29	1.37	-1.49	0.68	-1.43	1.50	1.36	0.87	1.34	1.85	-1.15	1.56	1.28	1.18	-0.20	-0.54	-0.38	0.78	-0.66	-0.92	-0.49	0.75	1.03	1.82	-0.45	0.25	0.04	0.34	-0.32	1.37	-0.34	1.37
Sample_92	-0.18	-0.11	-0.23	0.37	-0.03	0.84	-0.72	-0.44	2.08	-1.83	-0.78	-0.35	-0.95	0.35	-0.34	-1.55	1.50	0.44	-0.75	-0.69	-2.13	-0.58	-0.41	-0.11	0.72	-0.39	0.57	-0.86	-1.83	0.80	-0.20	0.23	0.84	0.02	-0.17	1.07	-1.06	-0.25	-0.82	-1.03	-0.83	1.37	0.76	1.32	0.67	0.10	-1.31	-1.64	-1.42	-0.59	-0.79	1.25	1.82	-0.30	-0.38	-0.46	-0.99
Sample_93	-0.75	0.37	0.62	0.33	-0.91	-0.45	-1.19	-1.11	0.25	-0.34	-0.79	-0.76	0.41	-0.84	0.48	-0.62	-0.82	0.05	0.56	-0.96	-0.21	-1.71	-0.14	-1.25	-0.74	-0.39	-1.13	-0.92	-0.61	0.58	-0.14	1.12	0.09	-0.70	-1.37	0.72	-1.15	0.23	0.24	-0.25	-0.49	-0.67	-0.77	0.69	1.21	1.37	-0.61	-0.46	-0.76	0.61	0.39	-0.05	-0.02	0.15	-0.71	0.24	-0.36
Sample_94	0.20	-1.46	0.28	-0.45	0.51	0.76	-0.23	-1.23	-0.72	-1.82	-0.37	-0.85	-0.99	1.65	0.87	-0.72	0.22	-0.32	-1.98	0.30	-0.06	-1.62	-0.75	-1.03	0.64	-1.48	0.02	-1.18	1.18	0.73	-0.17	-1.37	1.21	0.30	0.01	-0.98	-0.74	-0.02	-0.12	-0.76	-0.18	0.69	0.65	-0.65	-0.42	-0.25	0.84	0.84	1.02	1.10	-0.33	0.60	1.09	-0.74	-0.48	-0.29	0.88
Sample_95	-0.78	-1.80	-0.17	0.43	2.16	0.86	-1.49	-1.63	1.69	-0.67	-1.94	-0.33	-0.22	-1.28	1.26	0.11	1.63	-0.68	-0.83	-0.76	0.61	-0.53	-0.35	1.62	0.19	0.08	-0.73	-0.52	-2.03	-0.60	-0.85	-0.39	1.12	1.06	-0.18	-1.35	-0.28	-0.85	-1.18	-1.34	-0.93	1.74	1.56	-1.83	-1.71	-2.10	-1.16	-0.42	-0.85	-2.20	-2.20	1.01	1.94	-1.90	-1.18	-1.90	-0.13
Sample_96	0.44	-1.04	-0.74	1.40	-0.37	-1.48	2.20	-0.41	-0.72	0.33	-0.13	-0.90	-1.82	-1.24	-0.90	0.39	1.18	0.22	0.54	1.40	-1.13	-0.52	-0.58	-0.48	0.22	0.83	0.54	-1.31	-1.18	1.37	0.81	0.05	0.50	0.25	0.26	1.52	0.75	1.22	0.68	0.84	0.82	-1.27	-0.33	1.07	2.31	2.47	-1.19	-1.19	-1.43	-0.49	1.56	-0.90	-0.27	1.85	-0.79	0.83	-0.90
Sample_97	-0.25	0.78	0.29	1.43	-0.52	1.44	-1.43	-1.23	0.81	0.70	0.88	1.48	0.66	-1.44	1.59	-0.61	1.92	-0.06	0.10	0.19	-0.35	-0.46	-0.30	-1.36	-0.30	-0.29	0.59	1.98	-0.01	-1.42	-1.39	-1.23	1.42	1.33	0.27	-0.47	-0.55	0.49	0.17	0.31	-0.70	0.86	1.78	-0.46	-0.25	-0.77	-1.78	-1.73	-1.16	-1.09	-1.02	-0.03	2.05	-1.08	-0.76	-0.91	-0.52
Sample_98	0.96	-0.60	-0.15	0.51	-0.38	1.36	0.03	-0.52	0.91	-2.47	-2.20	-0.39	-0.57	0.17	0.54	0.56	1.10	1.26	0.09	-0.35	1.71	-0.65	-0.68	-1.26	-0.97	1.42	1.11	0.94	-0.45	0.17	-0.97	0.31	1.17	1.10	-0.41	1.04	1.98	0.52	-0.20	0.51	-0.88	-0.47	1.53	0.94	1.01	-0.12	-1.65	-0.49	0.44	-2.74	0.43	-0.83	1.25	-0.13	0.48	0.33	-0.09
Sample_99	-0.63	-0.35	-0.79	0.24	-1.82	1.77	-0.41	-1.09	-0.30	-0.19	0.84	-0.16	-1.64	-0.15	1.03	-0.58	0.99	-1.71	0.07	-0.63	0.44	-0.86	-0.09	-0.24	-1.96	-1.28	0.28	-0.80	0.72	-0.82	0.98	0.28	0.52	0.81	0.15	-0.13	0.56	0.34	0.42	-0.69	-0.58	-0.42	0.34	0.61	-0.28	-0.07	1.49	1.24	0.63	1.22	0.21	0.54	-0.05	0.35	-1.07	-0.24	0.42
Sample_100	0.53	0.41	-0.43	1.02	1.34	-0.03	-0.21	1.19	-0.17	1.00	0.68	-0.26	-0.38	0.53	0.41	-1.07	-0.94	-1.09	-0.87	1.18	0.20	-1.57	-0.05	0.01	0.12	0.24	0.62	-1.06	0.90	0.63	1.23	0.35	0.02	-0.34	-0.37	1.31	0.18	1.50	0.91	0.52	-0.61	-1.20	-0.36	1.38	1.42	1.25	-0.41	-0.27	-0.40	-0.33	1.49	-0.98	-0.52	1.31	-1.55	0.59	-0.47
Sample_101	2.10	-0.60	-0.62	-0.43	0.14	1.58	1.01	0.38	-0.02	0.40	-0.50	-0.47	-0.16	0.56	0.39	1.09	-1.66	0.46	-0.50	0.64	-2.10	0.94	-0.60	1.83	0.83	-1.55	0.00	2.05	0.80	0.43	-0.06	-0.88	1.10	0.08	-0.71	-0.83	1.16	-0.79	-1.69	-0.73	-0.78	0.49	0.33	-0.51	-0.61	-0.50	0.69	0.89	1.48	-0.01	-0.77	0.05	0.11	-0.43	0.08	-0.93	1.21
Sample_102	-0.87	0.78	0.47	-0.15	0.92	-0.83	-1.50	-1.31	-0.28	0.74	-0.37	-0.36	0.93	2.41	-0.20	1.01	-0.19	0.51	0.56	1.26	-1.58	-0.11	-0.43	0.23	0.94	-0.35	-0.17	0.39	0.89	0.64	-0.79	-0.38	-0.04	-0.02	-0.24	1.77	2.10	-0.01	-0.27	0.53	-0.10	-1.02	-1.35	1.47	0.69	0.35	0.96	2.63	1.29	-0.32	1.18	-0.96	-0.82	1.39	0.72	0.71	0.73
Sample_103	-0.83	1.73	1.59	-0.02	0.31	-1.25	1.52	-1.12	-0.34	-0.46	0.66	1.55	-0.91	1.86	-1.66	-1.28	1.98	0.96	0.84	-1.06	-0.07	0.38	-0.94	-1.13	-0.35	-1.58	2.16	-0.03	2.03	-0.16	0.09	0.69	0.57	1.14	-0.70	1.37	1.86	1.31	1.25	1.62	0.25	-1.77	-1.11	2.05	1.18	0.60	-0.75	-0.62	-1.48	-0.30	1.47	-1.66	-1.66	1.80	2.63	-0.03	-2.41
Sample_104	0.79	0.12	0.10	-0.26	0.74	-0.64	1.46	-0.09	1.68	-1.88	-1.96	-0.03	-2.23	-0.18	0.57	-0.20	-0.69	0.65	1.83	-0.58	0.16	-1.42	1.23	-2.54	0.54	0.45	1.03	-0.99	1.32	-0.29	0.95	-0.69	1.31	1.12	-0.94	-0.74	1.48	0.71	-0.03	0.21	0.05	0.94	0.66	-0.32	-0.37	-0.56	0.57	1.40	1.07	-1.77	-0.56	0.37	0.83	-1.10	0.03	-0.72	0.93
Sample_105	-0.68	-1.86	-1.80	0.18	-0.67	-0.82	-2.20	-1.83	1.98	-0.74	-0.06	-1.03	-0.07	-0.13	0.44	1.57	1.24	-0.52	0.37	1.08	0.54	-1.80	1.32	-0.39	-0.19	0.77	-0.46	-0.48	-0.01	-1.08	0.56	-0.40	-2.31	1.12	0.12	0.47	-0.27	0.91	0.58	0.30	0.40	0.62	1.26	-0.04	0.31	0.20	-1.45	-1.28	-0.92	-0.81	-0.66	0.42	2.23	-0.17	-1.65	-0.51	-0.34
Sample_106	-0.34	0.37	1.53	0.30	1.77	-2.47	0.22	-0.74	1.01	-0.56	0.08	0.03	0.15	2.54	1.88	1.37	1.13	1.62	1.37	-0.28	0.29	-2.13	-1.43	1.13	-0.77	0.12	0.48	0.01	1.13	-0.61	0.57	0.71	0.20	0.74	0.54	1.37	-0.91	0.43	1.21	1.35	1.69	-1.63	-1.90	1.73	0.68	0.83	1.16	0.92	-0.74	0.19	1.60	-1.23	-1.62	0.97	0.70	0.62	-1.15
Sample_107	-0.73	0.55	-0.21	-0.09	-1.03	0.57	-1.15	-0.78	1.11	1.52	1.59	1.13	0.17	1.15	-0.23	0.85	0.26	-0.40	1.19	1.20	0.74	1.45	-0.86	1.12	-0.44	0.92	1.26	0.43	0.19	1.02	1.83	-0.14	-0.22	-0.17	0.25	1.54	1.33	0.42	-0.02	-0.31	-1.04	-0.11	0.21	0.57	0.52	0.13	-0.63	0.65	1.34	-0.01	-0.08	-0.15	0.42	0.52	0.81	-0.63	0.82
Sample_108	-0.92	0.09	-1.39	-0.32	0.21	-1.10	0.31	0.44	0.68	2.54	1.13	2.16	0.57	0.42	0.79	-0.22	0.52	-0.38	1.07	0.21	0.35	0.59	-0.13	0.47	0.21	1.00	-1.80	0.39	0.93	-0.04	0.96	0.38	-0.61	0.15	0.71	1.70	1.70	0.69	1.17	1.68	1.33	-1.59	-1.20	1.69	0.76	0.40	0.14	0.50	-0.51	-1.05	1.28	-1.55	-1.26	2.00	2.36	-0.37	-1.16
Sample_109	-0.24	0.58	-1.54	-0.11	-1.18	0.39	2.54	-0.05	-1.37	1.74	0.34	-0.05	-0.80	0.18	-0.26	0.62	-0.90	0.03	1.80	2.54	1.25	-0.77	-0.52	-0.74	-1.62	0.26	-0.40	0.08	1.25	-0.73	1.02	-0.81	0.90	-0.01	0.45	2.03	-0.38	0.29	0.35	-0.10	0.16	0.73	-0.08	1.80	1.10	0.54	-1.34	-0.39	-0.05	-0.61	-0.28	0.18	0.93	0.87	0.26	-0.01	-0.60
Sample_110	-1.04	-0.42	-2.10	-1.04	-0.95	0.49	-0.83	-1.15	2.54	0.34	-1.41	0.38	-1.73	-0.68	1.34	-0.41	1.07	-0.35	-0.80	0.00	0.33	-1.50	0.23	-1.17	-0.18	-0.03	1.07	-1.18	-1.59	-0.28	0.05	-0.27	1.39	0.50	-0.26	-0.26	-0.42	0.79	-0.32	-0.89	-0.75	1.02	2.16	-0.87	-0.27	-0.72	-1.22	-0.84	-0.58	-2.54	-1.26	0.36	2.27	-0.98	-1.45	-1.19	0.00
Sample_111	0.96	-0.24	-0.26	-0.33	0.40	-1.34	-1.90	0.46	-1.04	0.37	0.31	0.67	0.12	1.06	-0.60	1.28	0.46	-0.79	0.62	-2.20	0.22	-0.42	-0.45	-0.81	0.67	1.15	-0.42	0.56	0.86	1.02	1.32	0.24	-1.64	-0.43	0.82	1.10	-1.50	1.48	1.86	0.89	-0.48	-1.52	-0.78	0.58	1.80	1.90	-0.48	-0.36	-0.62	-0.81	2.05	-0.68	-0.80	1.23	-0.31	1.57	-0.25
Sample_112	-0.02	0.15	1.30	1.58	-0.17	1.04	0.86	-0.19	2.36	0.49	-2.03	-1.53	1.43	-1.15	1.01	-0.71	0.98	0.10	1.16	1.00	0.13	1.48	1.66	-1.16	1.04	0.43	-1.51	2.91	-0.53	-0.15	-1.25	1.14	1.00	1.92	-0.39	-0.90	1.60	0.51	-0.80	0.14	0.33	0.33	1.68	-0.88	-0.87	-1.20	-0.97	0.74	1.76	-1.40	-1.15	-0.47	1.70	-1.19	0.41	-1.04	1.51
Sample_113	-0.97	0.35	-1.03	-0.34	-0.82	0.16	1.01	-1.44	1.83	1.65	1.58	0.50	-0.48	-0.65	1.96	2.03	1.94	-0.34	1.58	1.28	-1.66	0.99	1.07	0.76	-0.44	-0.79	1.19	0.95	-0.14	-1.16	-1.07	-0.81	-0.43	0.39	-0.27	-1.39	0.38	-0.59	-0.64	-0.15	0.50	0.61	0.67	-1.56	-1.21	-1.04	-0.38	-0.88	-0.34	-0.18	-0.94	0.06	0.58	-1.49	0.60	-1.03	0.09
Sample_114	0.95	-1.73	-1.49	-0.56	-0.26	0.12	1.13	-1.34	1.96	0.55	-0.76	-0.43	0.43	-0.64	1.12	-0.65	0.52	1.02	-0.41	0.45	1.33	1.50	-1.39	1.26	0.98	-0.48	0.01	-0.53	0.77	-0.03	-0.28	0.05	-0.66	2.03	1.08	-1.07	0.01	-0.38	-0.96	-1.06	-1.19	0.49	0.19	-1.00	-1.37	-1.54	-0.10	2.05	2.63	-0.97	-0.98	-0.06	-0.49	-0.81	0.71	-1.17	2.16
Sample_115	0.53	-1.70	-0.58	-0.62	1.13	-0.75	1.43	-0.65	0.81	-0.47	-0.04	0.42	1.12	1.69	1.52	-1.04	1.30	1.86	0.34	-0.61	0.17	1.13	-0.94	-0.56	0.09	1.44	-2.27	0.64	0.92	1.06	0.48	-0.05	-1.68	1.86	-0.21	-0.35	0.34	1.78	0.03	0.68	0.79	1.02	1.03	-0.36	-0.28	-0.40	-0.25	0.80	1.94	0.26	-0.67	0.33	1.15	-0.72	1.31	-0.88	1.57
Sample_116	0.10	0.16	0.64	0.22	-0.38	-0.33	-1.08	-0.25	1.18	1.29	2.08	0.00	2.10	0.98	0.01	0.74	-1.08	0.59	1.06	-0.94	-0.24	-1.29	0.25	-1.20	-1.46	0.23	-1.57	-1.25	1.39	0.65	0.68	0.43	1.13	1.50	0.48	-0.28	1.03	1.09	0.60	-0.06	0.10	-0.65	-0.64	-0.09	0.15	0.48	0.72	0.68	-0.10	-0.54	0.58	-0.62	-0.84	0.28	-0.53	-0.06	0.06
Sample_117	0.28	-0.12	1.44	0.52	0.32	-0.10	-1.63	-0.40	-1.40	-0.03	0.61	0.36	1.42	1.54	-0.70	-0.91	0.72	-0.27	0.24	0.18	0.95	-1.07	-0.22	-0.97	-0.24	1.26	-0.14	1.27	0.30	0.40	0.04	-0.25	-1.52	-0.47	-0.11	-0.41	-0.27	-1.07	-0.13	-0.26	0.38	-0.18	-1.09	0.13	-0.42	-0.60	0.93	0.79	-0.39	0.68	0.40	-0.92	-0.61	-0.01	-0.73	0.11	-0.19
Sample_118	1.08	0.54	-0.63	-0.20	0.06	0.27	-0.66	0.04	0.59	0.88	0.18	-1.48	1.53	-0.28	0.05	-0.66	0.83	-0.37	1.86	-0.65	0.22	2.05	1.92	0.98	0.98	0.48	-1.09	0.24	-0.05	-1.10	0.17	-0.69	-0.35	-1.26	-0.84	-0.19	-2.08	-1.19	-0.84	-1.52	-0.29	-0.51	-1.34	0.16	-0.48	-0.51	1.51	1.28	0.12	-0.17	0.28	-0.56	-1.24	-0.17	-0.84	-0.38	-0.26
Sample_119	-0.52	0.87	0.61	0.68	0.64	1.01	0.02	-1.58	-0.15	0.75	1.23	0.60	-1.80	-1.52	0.32	0.32	2.23	0.18	0.07	2.20	-2.63	1.35	-0.55	1.38	-0.60	1.01	2.08	1.96	-0.60	1.29	-0.49	-1.76	0.30	-0.36	-0.16	-1.36	-0.81	-1.03	-0.62	-0.44	-0.68	0.24	-0.07	-1.65	-1.44	-1.21	-1.03	-2.03	-0.71	0.15	-0.56	-0.60	-0.32	-1.41	0.92	-1.00	-0.45
Sample_120	1.32	0.33	-0.67	-0.54	0.01	1.06	-0.10	0.52	-1.32	1.49	-0.05	-1.01	-1.33	-0.30	0.08	0.59	0.07	0.21	1.18	1.09	0.39	1.17	-1.47	1.25	0.57	-0.38	-1.44	-0.24	-0.65	0.31	0.02	-0.08	0.97	-0.33	0.38	0.17	1.76	-1.56	-0.39	0.09	-0.30	-0.25	-0.41	-0.67	-0.55	-0.65	-0.93	3.23	3.23	-1.48	-0.14	-0.45	0.05	-0.20	-0.58	-0.29	2.31
Sample_121	1.13	-1.10	-0.73	-0.44	1.04	-1.04	1.49	-0.43	0.17	-2.00	-2.47	-1.62	-1.68	-0.21	0.62	0.13	0.37	0.88	-1.42	-1.16	-2.74	1.49	0.81	0.85	0.28	-1.02	1.09	1.11	0.42	0.76	0.35	0.39	-0.46	-0.05	-1.96	-0.83	0.05	-0.49	-0.13	-0.03	0.35	0.22	-0.43	-0.20	-0.57	-0.56	0.99	0.94	-0.12	-1.16	-0.50	-0.58	-0.22	-0.58	1.29	-0.65	-0.02
Sample_122	1.76	-0.36	-1.10	-0.58	0.08	-0.16	1.64	0.43	-0.71	-0.23	0.43	-0.57	-0.11	-1.71	-0.27	-2.74	0.42	-0.02	-0.55	-2.13	0.86	-1.39	0.70	-1.01	0.03	-0.56	0.27	-1.08	1.62	-1.26	0.81	0.32	1.21	0.38	-1.49	1.29	0.54	1.55	1.08	0.12	0.83	0.07	0.42	1.31	1.29	1.18	0.19	0.56	0.18	0.76	0.39	-0.20	-0.05	0.56	0.09	0.66	-0.38
Sample_123	2.41	-0.20	-1.00	-1.32	0.48	-0.81	-1.98	-2.00	0.86	-0.39	0.61	-0.51	-0.67	-1.68	0.85	-0.45	0.22	0.72	0.12	0.37	-0.74	-0.17	-0.78	-0.96	-0.42	-0.75	-1.90	-0.84	0.49	-0.85	-0.35	-1.26	-0.79	-0.40	-1.01	-1.59	-0.44	0.55	-0.67	-1.40	-0.02	1.33	0.24	-1.13	-0.95	-0.70	0.25	-0.98	-0.30	1.71	-0.70	0.87	0.73	-1.20	-2.08	-0.04	-0.08
Sample_124	-1.94	0.20	-1.73	-1.64	-0.49	0.41	-1.59	-1.08	0.37	-0.54	-0.10	-1.55	-0.70	0.79	0.05	1.38	2.03	-0.76	-0.11	-1.66	-1.23	-1.00	1.22	-1.74	-1.12	-0.25	0.20	-0.59	-0.41	0.50	0.37	0.40	0.07	-0.75	-0.92	1.07	-0.09	0.28	0.98	0.93	0.22	-1.54	-0.33	0.96	1.04	1.12	1.13	1.54	1.06	1.43	1.85	-1.18	-0.47	0.48	-1.18	2.13	0.69
Sample_125	-0.82	0.73	-1.02	-1.65	0.47	1.41	0.65	1.01	1.63	-2.54	0.31	0.97	-1.29	1.66	0.31	-0.62	1.77	-0.25	0.42	1.86	0.56	-1.77	-1.24	-0.18	0.40	1.37	-0.94	-0.76	0.72	-0.41	-0.32	-0.64	-0.41	2.27	1.14	1.21	-0.74	0.91	-0.48	0.07	0.56	1.78	0.49	2.00	0.60	0.44	0.41	-0.21	-1.23	0.87	-0.44	0.57	1.01	-0.25	-0.67	-0.30	-1.43
Sample_126	-0.27	0.47	0.06	-0.42	0.26	0.11	-1.09	-1.09	0.01	-0.19	-0.09	-0.95	1.73	1.45	-0.54	-0.79	2.63	0.93	0.80	0.12	0.50	-0.13	-0.66	-0.87	-0.05	0.19	-2.16	-0.99	0.26	1.36	-1.26	0.59	0.99	-0.12	0.38	0.17	0.23	0.47	0.14	0.45	0.17	0.22	0.35	-0.01	0.80	0.79	-0.74	-0.78	-0.19	-0.56	0.46	-0.57	0.02	0.15	0.75	1.69	-0.13
Sample_127	2.05	-1.08	-1.08	-1.96	-1.31	-0.34	-0.38	0.89	0.09	-1.02	-0.57	-1.30	-1.37	1.56	-1.33	1.64	-0.56	0.28	-0.54	-0.34	-3.23	0.15	0.17	-0.83	-0.78	-0.61	-2.41	-1.15	-0.47	0.57	0.02	0.47	-0.51	-1.44	-1.03	1.45	-1.66	-0.54	0.47	0.52	0.20	-1.35	-1.51	1.71	2.27	1.94	-0.69	-1.16	-2.16	0.11	1.64	-1.10	-1.26	1.21	-0.39	1.44	-1.40
Sample_128	-0.16	-1.31	-1.25	-1.92	-0.03	0.70	0.05	1.17	0.50	1.25	1.50	0.95	0.04	-1.42	0.65	-0.05	0.05	0.38	0.47	-0.67	0.19	0.41	-1.06	0.50	0.56	0.37	1.18	0.82	-1.47	0.32	0.17	-0.35	-1.05	-0.38	0.19	-1.13	1.59	0.28	-0.25	-0.79	-0.60	0.21	-0.20	-0.77	-1.62	-1.03	2.36	1.98	1.83	1.49	-0.08	0.23	-0.74	-0.78	0.84	-0.42	1.22
Sample_129	-0.35	0.44	-0.95	-1.05	-1.35	-1.94	0.24	-0.22	-1.22	1.66	0.65	1.86	0.63	0.36	-0.77	-0.01	1.66	-1.07	-0.32	0.96	0.35	-0.81	-1.65	-0.69	0.10	0.03	-1.64	-0.26	-0.06	0.72	-0.61	0.17	-0.65	-0.38	0.90	1.39	-0.87	-0.16	0.53	1.00	0.46	0.09	0.39	0.90	1.01	0.77	-0.95	-0.42	-0.35	0.31	0.35	-0.25	0.75	1.41	-0.38	0.55	-0.09
Sample_130	-0.28	-0.84	-1.11	-1.18	-1.33	-0.35	-0.87	0.31	0.66	-0.33	1.31	1.49	0.30	0.55	0.24	0.40	1.06	-0.38	1.06	-0.16	-0.79	1.66	1.39	1.53	-1.16	-1.32	0.33	0.84	0.69	0.34	-0.71	0.12	1.04	1.62	0.69	-1.03	0.61	1.43	1.04	0.90	1.86	0.69	0.07	-0.30	-0.11	0.43	1.39	0.51	1.21	1.17	0.44	-0.54	-0.76	0.03	1.35	0.12	0.69
Sample_131	-1.48	-0.90	-1.76	-1.08	-1.13	1.25	-2.27	-2.91	1.14	1.36	0.09	-0.17	-2.16	-0.11	-0.88	1.98	2.10	0.11	-1.76	0.19	0.24	-1.00	-1.23	-0.17	0.58	-1.42	0.04	-0.76	0.75	-0.38	-0.27	-0.68	1.07	-1.33	-1.48	1.09	0.29	-0.27	-0.54	-0.52	0.47	-0.53	-1.27	1.05	0.18	0.11	0.84	0.43	-0.27	0.44	0.42	-0.87	-1.42	0.75	1.83	-0.14	-0.42
Sample_132	2.20	0.18	0.61	-0.82	-1.29	0.35	-0.45	0.29	1.46	-1.10	0.27	-0.61	1.37	-0.43	-0.79	0.54	-0.26	-1.86	-0.21	0.72	0.45	-0.75	-0.70	0.72	1.21	-0.61	-2.05	-0.90	-0.27	-0.40	1.24	0.62	0.83	1.71	-0.61	-0.57	1.28	0.17	0.45	-0.02	0.63	0.54	-0.17	0.20	-0.14	0.20	1.71	1.36	0.44	1.55	0.03	0.71	0.33	-0.51	-0.83	0.53	0.37
Sample_133	1.90	-0.44	0.84	0.10	0.55	0.98	-1.68	-0.18	0.70	-1.10	-1.12	-1.44	1.01	-0.03	-1.57	1.02	0.59	0.40	-0.18	-1.69	1.09	1.98	0.26	1.52	-0.71	2.16	-2.91	0.70	-0.15	-0.79	0.26	1.24	-0.34	-0.57	-1.71	-0.40	-0.13	0.02	-0.43	-0.20	1.90	0.43	-1.37	0.67	-0.66	-0.39	3.23	1.12	0.40	1.46	0.17	0.11	-1.08	-0.54	-1.56	-0.49	-0.72
Sample_134	0.38	1.12	0.14	-0.92	2.91	0.51	-0.34	-0.70	-0.42	-1.57	-1.64	-0.62	2.54	-0.19	0.04	0.01	0.79	0.60	-1.00	0.60	0.50	-1.10	-1.30	1.35	-0.46	1.00	0.43	0.10	0.47	-0.09	-0.83	0.69	1.98	0.27	-0.13	1.78	-0.76	0.76	1.37	1.59	1.80	-0.10	-0.80	0.93	1.52	1.63	-1.08	-1.86	-2.08	0.20	0.96	-0.71	-0.70	1.92	1.06	0.98	-1.65
Sample_135	0.22	1.17	1.08	-0.18	-0.88	-0.54	-0.95	0.92	0.44	-1.03	-0.15	-0.46	-2.27	1.00	-1.32	0.41	-0.92	0.08	-0.84	-0.27	-2.91	-0.75	-1.19	-0.66	0.44	-1.15	0.08	-1.85	1.77	0.25	0.80	1.28	0.78	-0.96	-0.87	0.06	0.76	-0.46	0.23	-0.46	-0.42	-1.06	-1.44	1.22	0.29	0.42	1.63	1.31	-0.20	1.18	1.32	-1.29	-1.65	0.40	1.66	0.09	-0.56
Sample_136	2.13	0.98	-0.34	1.57	-1.12	-2.05	1.00	0.65	0.83	-0.02	0.51	-2.27	0.22	-0.32	-0.95	0.39	1.04	-0.77	-0.54	1.10	0.89	-0.84	-1.82	0.55	1.07	-0.17	-1.63	-0.35	0.48	0.51	-0.44	-0.29	0.72	1.68	-0.34	0.00	-2.13	-0.36	-0.55	-1.01	1.02	0.35	-1.05	0.67	-0.30	-0.21	1.04	0.34	0.77	1.51	0.07	-0.21	-1.46	0.00	0.45	-0.08	-0.07
Sample_137	1.92	1.60	0.49	-1.70	0.84	-1.50	-1.42	1.02	-1.82	-1.27	-0.13	-0.75	-0.84	0.89	0.73	0.82	0.50	-0.69	0.51	0.61	-0.26	-1.78	1.21	-0.35	0.61	0.20	-0.02	-0.91	1.63	0.94	1.62	-0.84	-0.48	2.23	1.31	-0.04	0.06	2.63	1.32	0.50	1.19	-0.58	-0.44	-0.10	0.58	1.41	0.86	0.99	1.55	0.25	1.31	-0.55	-0.32	0.59	0.66	0.53	0.89
Sample_138	0.04	1.01	0.73	-0.81	0.91	0.60	-0.64	1.26	-0.70	0.54	0.67	0.28	-2.47	1.37	0.46	1.37	-0.94	-0.51	0.18	0.37	-1.90	0.62	-0.64	1.39	0.01	-0.99	0.61	1.30	0.53	0.59	-0.03	1.18	0.24	-1.88	-0.69	0.95	-0.59	0.53	0.74	0.41	0.14	-0.83	-1.16	0.66	0.95	1.29	-0.49	-0.67	-1.27	0.36	0.82	-0.76	-1.15	0.84	0.09	0.52	-0.87
Sample_139	0.72	0.18	-0.35	-1.38	2.08	0.80	1.24	0.30	0.05	-1.38	-0.48	-1.04	0.16	0.80	0.19	-2.41	-0.50	0.07	-0.35	-2.41	-0.10	-1.04	1.26	-1.32	0.92	-1.01	-1.37	-1.47	0.95	0.63	1.33	1.22	0.93	-0.97	-0.90	1.68	-0.15	0.81	2.63	2.91	1.36	-1.71	-1.85	1.83	1.88	2.31	0.19	0.34	-0.72	-0.35	2.36	-1.82	-1.83	1.73	-0.88	2.05	-0.84
Sample_140	1.71	-0.19	-0.38	-2.00	1.21	0.90	-0.67	-0.29	0.44	1.07	-0.22	1.39	0.23	-1.64	0.73	-2.20	0.56	2.16	-1.31	-1.48	-0.04	0.05	1.43	0.66	0.74	-0.15	-0.80	1.02	0.44	-0.67	0.01	-0.17	1.07	0.18	-0.59	-0.46	-0.57	0.51	0.95	0.27	-1.34	-0.38	0.43	-0.79	-0.36	-0.14	-0.12	-0.55	-0.14	0.31	0.52	-0.86	-0.40	0.55	-0.77	0.39	0.04
Sample_141	0.21	-0.04	0.24	-0.23	0.27	0.31	-1.01	0.08	2.00	0.43	-0.64	-0.34	-0.02	0.88	2.63	0.72	-1.94	-0.24	-1.16	0.52	-1.85	-2.16	-1.73	0.54	-0.38	0.41	0.93	-0.29	1.85	0.77	-0.23	0.02	-0.06	1.13	1.00	-0.19	-1.19	1.08	-0.43	0.20	-0.02	0.80	1.29	-0.22	-0.70	-0.93	-0.79	-0.70	0.33	0.33	-0.95	-0.33	1.18	-1.01	0.28	-0.99	0.11
Sample_142	-0.67	1.30	0.02	-0.47	2.54	0.56	0.28	-0.04	0.53	0.16	0.70	0.47	0.53	-0.27	-0.91	2.10	0.43	1.47	-0.79	-1.53	-1.19	-1.11	0.34	0.39	0.77	0.85	-0.83	-0.29	0.74	-1.76	-0.33	-0.46	0.22	0.36	0.50	-0.49	-0.21	-0.67	0.19	0.07	0.82	-0.15	-0.10	-0.48	-0.41	-0.02	0.49	-0.49	-0.67	0.64	0.36	-0.88	-0.19	-0.19	0.13	0.40	-0.26
Sample_143	1.12	1.56	-0.54	-1.29	-1.29	-0.89	-0.12	-0.84	0.93	1.12	1.49	1.66	0.42	0.86	1.12	-0.87	0.85	-0.13	-0.17	0.04	-1.34	-1.12	-1.03	0.93	0.97	-0.23	1.08	1.04	0.51	0.84	0.34	-0.99	-0.63	0.56	1.60	-0.99	0.02	0.82	0.05	0.11	0.17	0.58	1.70	-1.01	-0.43	-0.37	-0.19	-0.30	1.01	0.07	-0.05	0.34	1.85	-0.65	-0.42	-0.22	0.97
Sample_144	-0.71	1.62	0.24	0.11	-0.75	-0.76	-0.17	-0.53	-0.14	-0.47	0.94	-0.88	-0.31	0.53	-0.74	0.97	-0.67	1.78	2.03	2.10	-2.36	-1.54	1.74	-1.38	1.18	-1.14	0.94	-2.31	0.94	-0.62	2.47	-1.46	1.66	-0.31	-0.69	1.00	0.15	-0.12	-0.22	-1.26	-0.49	0.15	-0.28	1.98	1.43	0.86	-0.48	0.36	0.58	0.38	0.51	0.50	0.10	0.07	0.49	0.10	-0.13
Sample_145	-0.69	-0.69	-0.07	-0.89	-1.39	-0.06	-0.74	-0.29	-0.06	-0.55	1.74	0.87	-0.73	1.26	1.15	-1.56	1.14	0.35	-0.97	-0.89	0.53	0.26	-0.83	0.30	1.10	1.78	-1.41	-0.51	0.44	-0.06	0.20	0.18	0.21	0.13	1.05	-0.84	0.13	-0.74	-0.25	-0.64	0.26	0.56	-0.58	-0.89	-0.99	-0.60	1.15	0.17	-0.05	1.92	-0.40	-0.18	-0.74	-0.73	-0.89	-0.46	0.04
Sample_146	3.23	1.10	1.02	-0.05	0.05	-0.53	-0.03	0.17	0.16	-0.17	0.12	-1.49	-1.30	1.21	-0.55	0.70	-0.49	0.92	0.66	1.09	1.29	-0.04	1.25	1.37	0.42	-0.39	-1.19	1.68	-0.99	0.60	0.33	0.26	-0.21	-0.51	-0.63	0.52	-0.25	-0.34	0.37	0.26	-0.82	-0.53	-0.15	0.49	0.56	0.45	0.69	1.32	0.40	0.61	0.71	-0.67	-0.18	-0.09	-0.08	0.54	-0.04
Sample_147	0.47	0.50	0.50	0.08	-0.07	0.84	-2.54	-2.16	0.27	0.17	1.63	0.80	-1.10	-1.20	-0.97	0.99	-1.37	0.94	-0.89	-0.36	-2.08	0.76	-0.82	-2.74	-1.49	-2.00	-0.21	-1.98	-2.54	-1.42	0.94	-0.06	0.78	2.08	1.76	-0.50	-0.39	1.04	-0.08	-0.52	-0.04	0.62	0.73	-0.56	-0.31	-0.10	-0.17	-0.55	-0.39	-0.17	-0.78	-0.08	0.96	-0.11	-0.22	-0.79	-0.18
Sample_148	0.56	0.03	0.87	0.72	-0.99	0.42	0.82	1.15	-0.19	-1.00	-0.33	-0.09	1.26	2.10	-0.88	0.83	-0.70	0.38	0.68	0.05	-2.00	-0.78	1.98	-0.57	-0.85	-1.47	1.78	1.14	1.43	1.31	0.95	0.98	0.36	1.94	0.83	0.65	0.86	0.25	1.06	1.04	1.27	-0.97	-1.08	1.15	0.83	1.04	0.60	0.22	0.04	-0.23	1.45	-0.99	-0.97	1.10	1.08	0.90	-0.53
Sample_149	0.09	-0.44	-1.00	-1.31	-1.27	0.64	-1.66	0.09	-0.77	0.13	-0.28	-0.54	-0.93	-0.82	0.21	0.92	0.53	-0.07	0.15	0.21	-1.47	-0.51	-1.36	0.16	-1.09	0.58	0.41	-1.41	-1.13	0.40	1.29	-0.57	0.83	-0.47	0.29	-0.25	0.65	-1.27	-1.27	-1.48	-1.55	-0.49	-0.07	-0.15	-0.06	-0.11	0.70	0.61	0.74	-0.70	0.22	-0.39	0.13	0.21	0.47	0.18	0.24
Sample_150	1.96	0.39	-0.72	-1.94	-0.90	0.54	0.57	1.06	-1.01	-1.68	-0.50	0.05	-0.70	0.01	0.26	-0.38	0.30	1.00	-0.61	1.83	0.94	-0.59	-0.84	-0.42	0.58	-1.18	-0.89	0.20	-0.57	-0.04	-1.07	-1.45	1.38	0.41	0.84	-0.22	0.00	-0.93	0.30	0.49	0.94	0.21	0.09	-0.53	0.01	-0.01	-0.86	-1.33	-0.28	0.33	0.05	0.11	0.01	-0.22	-0.62	-0.44	-0.15
Sample_151	-0.11	1.04	0.05	0.80	0.26	0.35	-0.72	1.24	-0.04	-0.20	1.07	0.29	0.31	0.20	0.84	1.04	-0.14	0.88	-0.96	2.00	0.92	-1.33	-1.15	0.25	-0.39	-0.27	-0.38	-1.68	1.71	-0.49	-0.25	-1.33	1.70	0.72	1.27	0.39	-2.31	0.25	1.09	0.23	0.39	1.71	0.94	-0.00	-0.24	-0.36	-1.15	-1.77	-0.76	1.29	-0.80	0.48	1.34	-0.47	-1.02	-0.23	-0.54
Sample_152	-2.03	-0.54	-1.37	-0.94	0.13	-0.14	0.49	-1.42	0.69	0.04	-0.91	-1.09	-3.23	1.88	0.09	-0.11	1.90	-0.70	-1.59	-0.49	-1.34	0.26	0.11	0.19	0.79	-0.94	-0.81	0.27	-0.72	0.02	-1.23	0.00	1.24	-0.89	-1.19	0.47	-0.05	-1.08	-0.14	0.24	1.15	-0.72	-1.02	0.28	0.42	0.57	0.88	1.73	0.74	-0.20	0.95	-0.70	-0.77	0.39	1.03	0.82	0.69
Sample_153	1.25	-0.19	0.66	-0.38	-0.14	-0.27	-1.83	-0.30	0.12	0.11	-0.38	0.17	0.21	-1.32	1.01	-1.41	-2.23	0.76	-1.13	-1.71	1.08	-1.49	0.20	0.02	0.44	1.53	-1.43	0.69	0.08	0.19	0.16	-0.87	1.50	0.48	-0.29	-0.74	-1.07	-1.05	-1.90	-1.80	-0.92	1.26	1.09	-0.68	-1.00	-1.52	-0.67	-0.44	-0.75	0.05	-1.90	0.30	0.91	-1.18	-2.20	-1.96	-0.54
Sample_154	1.24	1.37	1.04	-1.10	-0.28	0.26	-0.49	-0.47	-0.64	-0.22	1.03	-0.31	-1.42	-1.10	1.55	-1.42	-1.38	-2.27	-0.36	0.51	1.31	-2.05	0.58	-0.03	0.19	-0.67	0.23	-0.84	2.13	0.40	0.20	-0.79	1.30	-0.20	0.01	0.22	0.58	0.01	-0.17	-0.05	0.74	-0.66	0.12	0.23	-0.26	-0.36	0.38	0.90	1.10	0.65	-0.03	-0.34	0.69	-0.05	1.10	-0.21	0.98
Sample_155	1.68	-0.21	-0.30	0.70	-1.22	-0.27	0.42	-2.08	-0.31	0.70	1.29	2.47	-0.54	-0.58	1.70	-0.85	0.15	0.82	-1.30	-0.62	2.08	-1.83	-0.47	0.02	0.53	1.36	-1.49	-0.02	0.13	-0.08	-0.99	-1.78	1.26	-0.19	0.60	-1.25	0.28	0.13	-0.59	-0.99	-2.13	0.32	1.06	-1.00	-0.87	-1.05	0.37	-0.02	-0.81	0.13	-0.49	-0.09	0.97	-0.51	-0.99	0.01	-0.04
Sample_156	1.51	-1.26	1.88	1.12	0.14	-1.39	0.96	-1.78	0.58	-1.25	-0.37	0.91	-1.76	-2.23	1.85	0.46	-1.85	0.00	-0.25	1.80	-2.23	-1.85	0.37	-2.41	-1.64	-1.53	0.03	-2.63	-1.03	-0.26	-0.59	0.98	1.59	-0.53	-2.08	-2.41	-0.52	0.72	-1.06	-1.11	-0.93	0.65	0.80	-1.21	-1.04	-0.96	-0.82	-1.13	-0.58	-0.73	-1.37	0.41	0.80	-1.57	-1.53	-1.01	-0.36
Sample_157	-0.25	-0.17	0.21	2.13	-0.66	0.61	-0.28	-0.89	0.40	0.54	-0.48	-0.80	0.78	-0.49	0.22	-0.22	-1.34	0.68	-1.53	0.73	-2.03	0.16	0.69	1.31	1.40	-1.70	-0.31	0.96	0.87	-0.87	0.04	-0.61	2.20	0.23	-1.18	0.81	-1.10	0.03	0.74	0.48	-0.38	-0.47	-0.11	0.27	0.40	0.28	-1.55	-1.18	-0.54	-0.06	-0.02	-0.52	0.44	0.28	-0.18	0.33	-0.24
Sample_158	0.90	0.95	-0.00	-0.96	1.25	-0.24	1.53	0.17	0.35	1.08	1.25	1.12	0.13	-1.11	0.93	-1.35	0.93	-1.32	-1.94	0.50	1.20	0.18	1.02	-0.75	0.78	1.02	0.97	0.37	0.58	-0.11	-0.32	0.04	0.67	1.18	0.21	1.05	1.25	0.70	0.58	0.61	0.81	-0.91	-0.14	0.89	1.26	1.43	-0.56	-0.87	-0.94	-0.60	1.35	-1.26	-0.64	2.13	1.04	0.85	-0.89
Sample_159	1.27	1.06	0.54	0.59	-0.94	-0.05	0.37	-0.20	0.24	-1.42	-0.22	0.79	-0.55	1.92	2.03	0.29	0.02	-0.56	-1.51	0.33	2.31	-0.11	0.83	-0.53	1.48	1.63	-1.21	-0.81	-0.12	-0.44	-0.50	-1.07	1.06	0.87	-0.18	-0.37	-0.86	-1.02	-1.57	-0.48	-0.19	0.17	-0.52	0.06	-0.01	0.09	0.00	-0.99	-1.03	0.19	-0.19	0.30	-0.55	0.02	-0.75	-0.49	-1.30
Sample_160	0.19	0.10	-1.96	-0.82	1.00	-0.88	1.23	-0.23	1.52	0.86	1.13	0.28	0.02	-0.90	1.60	-0.88	0.54	1.29	-0.82	0.95	0.95	0.02	0.18	1.59	1.78	0.24	-0.68	2.31	0.36	-0.36	-0.99	-1.49	0.18	0.03	1.37	-0.58	0.39	-0.94	-1.06	-0.67	-0.38	0.84	0.32	-0.23	-1.16	-1.15	1.32	1.17	0.51	0.67	-0.58	0.33	-0.29	-0.70	-1.13	-0.69	0.29
Sample_161	0.16	1.02	1.21	1.78	0.96	0.91	-1.34	0.19	1.77	-0.22	1.68	1.49	1.60	2.36	-1.04	-1.03	0.72	0.48	-1.62	0.34	1.26	-0.93	-0.65	-0.38	0.10	0.16	-0.82	1.42	0.23	0.48	0.60	0.36	-0.41	1.55	1.08	0.26	0.68	1.53	0.79	0.54	-0.60	-0.34	0.00	0.44	0.21	0.30	1.13	0.83	-0.52	0.65	0.67	-0.52	-0.33	0.52	0.40	0.46	-0.22
Sample_162	2.16	-1.00	-1.82	-1.12	1.06	1.65	-0.10	-1.10	-0.23	-0.25	0.28	0.90	1.96	-0.13	0.19	-3.23	0.34	-0.54	-2.47	-0.93	1.69	-0.62	-0.77	-0.66	0.47	-0.43	0.22	-0.96	1.42	-0.27	0.57	-0.82	1.58	1.80	1.64	0.40	2.41	0.90	0.10	0.17	-0.01	1.42	1.20	0.82	-0.34	-0.93	-0.50	-0.21	1.05	-1.31	-1.35	0.34	1.30	-0.72	0.40	-1.27	0.02
Sample_163	-0.38	-0.65	0.65	-1.17	-0.95	0.24	-0.94	-1.43	-0.40	1.59	2.03	0.70	-1.65	-1.90	0.68	-1.08	-3.23	-1.33	-2.41	-0.50	-1.54	0.21	-0.54	1.00	2.74	-0.32	-0.40	1.65	-1.77	-0.96	1.10	0.62	1.78	-0.26	-0.11	-0.65	0.50	-0.41	1.28	0.48	-0.88	0.51	1.02	-1.59	-0.92	-0.64	-1.32	0.75	2.47	0.09	-0.39	0.95	1.43	-0.82	-1.06	-0.05	2.41
Sample_164	1.16	1.68	0.68	0.54	1.01	0.65	-0.56	1.04	-1.26	0.27	0.93	0.81	-1.08	0.07	-0.26	-0.99	-0.46	1.63	-0.92	-0.64	2.41	-0.94	-1.09	-1.09	-0.79	2.63	1.39	0.87	1.33	-0.65	0.66	-0.61	1.22	1.58	1.39	1.17	-0.57	0.93	0.43	1.25	0.17	-0.13	0.77	1.01	1.40	1.10	-0.36	-0.42	-0.11	-0.03	0.67	0.18	0.76	1.21	1.71	1.04	-0.15
Sample_165	0.35	0.90	0.15	-1.85	1.65	1.28	0.28	0.50	0.66	-2.13	-0.16	0.36	0.99	0.56	-0.02	-1.78	-1.58	-1.55	-2.91	-1.94	1.00	-1.82	-0.43	0.42	1.16	-1.18	0.40	1.00	1.74	-0.12	0.85	-0.75	1.31	1.39	-0.96	0.13	0.58	0.97	-0.09	0.69	1.47	-0.20	-0.65	0.89	-0.18	0.01	1.31	0.97	-0.49	-0.17	0.35	-0.28	-0.65	-0.05	1.11	-0.32	-0.66
Sample_166	1.28	0.61	-0.53	0.00	-0.18	-1.17	-0.68	-1.15	-0.46	-1.85	-0.96	-0.09	0.04	-0.14	0.01	-1.92	0.18	0.58	-1.69	-0.39	2.74	-1.08	1.42	-1.47	3.23	-0.65	-2.54	1.90	1.26	-1.29	0.19	-1.09	0.54	1.11	1.50	0.03	0.32	0.50	0.84	0.64	0.04	0.52	-0.57	0.19	-0.12	-0.09	0.52	-0.03	-0.38	0.20	0.13	-0.19	-1.10	0.11	0.09	0.14	-0.26
Sample_167	2.27	0.23	-0.52	1.26	-0.28	0.43	-0.89	0.79	0.38	-0.82	0.92	0.78	1.09	2.47	-0.29	-1.59	-0.25	1.02	-0.77	-0.26	-0.11	-1.23	-0.88	0.30	1.25	0.60	0.16	0.13	0.09	0.70	0.39	0.30	1.42	-2.05	-0.73	-0.05	0.24	-0.61	-0.35	0.02	-0.26	-1.65	-1.69	0.53	0.99	1.35	0.57	-0.14	-0.59	0.18	1.90	-0.41	-1.41	0.47	0.67	1.73	-0.20
Sample_168	0.15	-0.93	-0.81	0.20	-0.04	0.71	0.34	1.57	-0.43	0.45	0.43	0.98	0.15	-1.04	0.81	0.24	-0.65	0.61	-1.83	1.53	2.23	0.11	-0.49	0.26	1.30	2.08	1.90	0.60	0.04	0.23	-0.67	0.09	0.42	2.31	1.57	-0.28	0.28	-0.22	0.68	1.42	1.83	0.44	0.65	-0.49	-0.52	-0.33	0.58	0.26	0.76	0.43	-0.31	-0.56	0.53	-0.11	1.51	-0.16	0.83
Sample_169	0.31	1.34	2.08	-0.29	2.03	1.25	1.05	1.49	-0.85	0.67	2.41	1.64	1.65	-0.55	1.98	-1.90	-2.36	0.02	-1.70	-1.13	-0.29	-1.25	-1.05	0.73	1.77	0.35	1.06	0.50	1.90	-0.08	0.79	-0.13	1.52	1.46	1.26	-0.87	-0.17	0.80	0.38	0.02	-0.14	0.43	1.49	-1.31	0.15	0.47	-1.66	-1.94	-0.89	-0.22	0.07	0.53	2.08	-0.40	0.70	1.14	-0.21
Sample_170	-0.39	-1.07	-0.37	-1.76	-0.20	1.33	-0.73	-0.20	2.27	-0.51	-0.55	-1.45	2.41	0.41	1.51	-0.70	-1.49	0.83	-2.05	-0.02	-1.35	-0.08	0.72	2.27	-0.93	-1.66	0.02	2.27	0.58	-0.56	-0.29	-1.71	1.34	-0.64	-1.73	-1.71	-0.11	-1.77	-2.74	-1.66	-0.22	2.10	0.71	-1.30	-1.60	-1.43	0.85	1.19	0.30	1.26	-1.69	1.38	0.63	-2.00	-0.68	-1.73	0.27
Sample_171	1.98	0.74	0.99	0.82	0.43	0.54	0.24	-2.05	0.93	0.48	1.54	-0.40	-0.27	-0.03	0.81	-1.80	1.12	1.44	-1.86	-1.86	1.96	-0.68	-0.69	-0.60	0.20	0.93	-0.36	-0.12	1.41	-0.55	0.56	-0.90	1.96	1.82	0.96	0.43	-0.06	0.56	0.01	0.09	0.60	1.32	0.70	0.45	-0.38	-0.67	0.31	0.20	0.38	0.35	-1.06	0.76	1.10	-0.49	0.87	-0.78	0.41
Sample_172	1.94	0.05	1.18	-0.50	0.72	1.14	0.27	1.09	0.02	-1.62	-0.61	-1.37	0.86	0.92	0.45	1.25	0.61	0.71	-1.14	0.56	1.45	-2.20	-0.18	-1.43	2.41	-0.47	-1.10	1.42	0.08	0.96	0.22	0.15	0.64	0.77	-1.13	1.26	-2.03	0.77	0.79	1.13	1.53	-0.91	-0.69	1.59	1.62	1.49	-0.42	-0.52	-0.78	-1.00	1.06	-0.14	-0.17	0.74	0.39	0.63	-0.64
Sample_173	1.74	0.38	0.42	-1.52	0.90	-1.13	-0.90	1.22	-1.36	-1.13	0.09	-1.22	-1.38	-0.83	0.74	-2.08	-0.71	0.58	-1.37	0.36	2.16	-1.15	1.30	-0.39	0.09	-0.16	-0.01	-1.53	1.06	0.19	0.22	-0.37	1.56	0.99	0.36	0.32	-0.21	0.39	0.20	0.52	-0.52	-0.72	0.06	0.14	0.13	0.05	-0.39	0.15	1.16	1.05	0.29	0.09	0.51	-0.29	-0.19	0.38	0.94
Sample_174	1.25	-0.74	-1.62	0.66	-2.20	0.36	0.53	-0.67	0.21	-0.75	-0.76	-0.74	0.01	-0.33	0.15	-0.85	0.70	0.62	-2.74	1.68	1.27	-0.68	-2.00	-0.69	0.29	1.14	-2.23	-1.30	0.65	-0.72	-0.03	-1.27	-0.17	-0.04	1.15	0.64	-1.57	-0.05	0.18	-0.25	0.24	0.40	-0.12	0.41	0.64	0.52	-0.14	-0.30	-0.36	-0.41	0.38	0.38	0.27	0.80	-0.67	1.77	-0.17
Sample_175	0.08	-0.38	0.60	-0.04	0.65	0.58	1.16	-0.36	1.16	-1.08	-0.70	-0.59	1.59	0.33	-0.33	-0.50	-1.57	-0.05	-1.66	-0.06	0.77	-1.25	0.60	0.84	1.83	-0.95	-0.19	0.33	-1.71	-1.34	1.94	0.11	0.11	0.34	1.12	-0.39	1.42	0.77	0.72	0.38	1.26	-1.08	-1.55	0.81	0.05	0.25	2.41	2.36	0.57	0.83	1.21	-0.94	-1.43	0.67	0.53	1.16	-0.33
Sample_176	0.29	-0.88	-1.27	-1.43	-1.40	0.23	0.37	-0.07	0.23	-0.03	-0.22	0.46	0.84	2.08	2.47	0.15	-1.27	-2.16	2.00	0.26	3.23	1.38	1.52	2.00	1.33	-0.84	1.12	0.91	1.20	-0.84	-0.52	-1.08	0.09	-0.15	-0.02	-1.45	-1.23	-1.47	-1.04	-0.58	-1.60	1.51	1.50	-1.28	-1.92	-1.86	-0.70	-0.45	-0.11	0.34	-1.86	0.94	1.62	-2.10	0.32	-1.60	0.79
Sample_177	1.73	-0.56	-0.82	-0.09	0.49	1.16	1.42	-0.82	-0.10	-0.02	-0.88	0.96	-0.14	0.90	0.52	-0.58	0.61	-0.12	1.68	-0.51	2.13	-0.38	-1.64	-0.16	0.03	0.75	1.86	-0.70	-0.56	0.97	0.45	-1.31	2.74	0.39	0.95	-0.12	2.74	1.44	-0.04	-0.58	-0.94	0.97	1.90	-0.97	-0.79	-1.04	-0.88	0.02	1.85	-1.02	-0.92	0.25	1.69	-0.71	0.15	-0.40	1.71
Sample_178	-0.17	1.59	1.40	0.13	0.06	1.01	0.32	0.63	1.15	0.82	1.21	1.52	0.57	0.08	0.69	2.13	-1.30	-0.01	2.74	3.23	1.80	1.18	2.05	1.82	-0.28	2.13	1.70	1.09	1.47	-0.86	-0.38	-1.43	3.23	-0.16	1.01	-1.19	1.38	0.04	-1.51	-1.59	-0.94	1.28	0.92	-0.89	-1.58	-1.13	0.55	-0.33	0.72	1.73	-0.99	1.68	1.40	-1.23	0.97	-0.35	0.96
Sample_179	-0.55	-0.42	-0.75	0.79	-0.59	-0.33	-1.76	0.83	-0.14	0.76	0.40	1.60	-0.40	1.94	1.07	0.75	-0.09	-0.55	1.03	-0.89	2.20	1.90	0.84	0.38	0.45	0.57	-0.19	0.31	-0.66	0.38	-0.66	-1.65	1.45	0.84	0.70	-0.25	-1.01	1.45	0.08	0.37	-0.03	0.83	1.49	-0.64	0.12	-0.05	-0.92	-0.90	-0.23	0.75	0.02	0.73	1.53	-0.31	0.10	1.13	0.47
Sample_180	-0.31	1.26	0.28	-2.13	-1.30	-1.31	0.81	-0.93	-1.10	0.20	0.47	1.18	1.10	1.80	-0.76	-0.74	-1.45	0.49	0.69	0.13	-1.12	1.92	-1.52	1.77	0.80	-2.23	0.50	1.83	1.46	-0.18	-0.61	-1.01	2.47	1.04	2.03	-0.07	0.77	-0.86	-0.94	-0.57	-0.52	1.25	1.01	0.12	-0.47	-0.84	0.74	0.76	1.03	1.08	-1.07	1.29	0.90	-0.35	-0.21	-0.79	0.90
Sample_181	0.01	0.17	-0.62	-1.42	-0.43	0.31	-0.48	-0.88	-0.72	1.21	-0.71	-0.01	1.52	1.16	0.92	0.28	0.80	0.74	0.45	0.49	1.22	1.19	-0.55	1.34	1.34	-0.42	1.52	0.97	-0.60	1.59	-1.73	-1.96	2.16	-2.00	-1.56	-0.49	-1.48	-1.49	-1.56	-0.80	-0.53	0.20	0.25	-0.69	-0.48	-0.35	0.51	-0.35	0.64	-0.79	0.15	0.67	0.50	-0.10	-0.28	1.64	0.76
Sample_182	-0.36	0.59	-0.53	0.01	-1.48	-0.93	0.39	0.75	0.31	-0.30	0.54	0.90	1.64	2.13	0.60	1.74	-0.28	-0.97	1.51	-0.19	1.55	0.25	1.31	-0.10	-0.07	0.46	0.81	-0.22	0.37	0.09	1.85	-1.00	1.94	1.45	1.59	1.46	0.07	1.18	0.64	0.74	1.09	-0.32	-0.18	1.88	1.16	0.89	0.40	0.48	-0.13	0.27	1.02	0.26	-0.69	1.76	0.88	1.76	-0.51
Sample_183	-0.64	0.43	0.76	-0.30	0.34	1.83	-0.93	-1.32	1.74	-0.64	-0.98	-1.13	0.13	1.42	2.91	-0.69	0.24	0.99	0.38	-1.00	0.92	1.29	1.07	0.95	1.80	0.32	-1.65	0.18	-2.47	-0.24	-0.72	-1.13	1.60	-1.57	-1.45	-0.94	-0.88	-1.94	-2.36	-3.23	-1.49	0.76	0.11	-0.58	-0.81	-0.86	0.29	-0.48	-0.87	0.94	-0.84	2.05	1.29	-0.94	-2.00	0.42	-0.17
Sample_184	0.72	0.51	0.67	-1.03	1.05	-0.52	0.98	-0.03	-0.39	0.91	-0.62	1.78	1.86	1.11	0.08	1.86	-0.09	-0.84	1.56	0.27	0.00	0.44	0.30	1.13	0.99	-0.60	-1.10	0.31	-0.60	0.07	1.19	-0.56	1.85	0.81	0.44	1.06	-0.89	0.20	0.44	1.36	0.62	-0.81	-0.75	0.76	0.61	0.49	-0.81	-0.56	-0.08	-1.38	0.74	0.01	0.15	1.08	-0.76	2.03	0.05
Sample_185	0.59	-0.27	-0.83	-0.17	0.27	-1.46	1.39	-0.55	0.64	-0.24	-0.45	-0.65	-0.49	1.90	-2.10	0.78	0.85	-1.49	1.60	0.69	0.12	-1.21	1.71	-1.14	0.70	-0.88	-1.48	-1.69	0.14	0.52	1.05	1.06	2.41	-1.08	-1.31	0.73	0.67	0.36	1.46	1.64	0.92	-1.12	0.27	0.12	1.34	1.21	-0.28	0.77	0.43	-0.89	1.21	-0.09	0.22	1.08	0.56	2.41	0.92
Sample_186	0.52	-0.10	-0.03	-0.66	0.67	0.97	0.15	0.21	2.03	-0.49	-1.07	-1.47	0.73	2.31	0.48	-0.96	-1.70	-0.51	0.78	-0.53	0.45	1.80	0.56	1.50	1.16	-0.87	0.01	0.64	-0.51	-1.09	1.18	-2.00	2.27	-0.48	-0.23	-0.89	1.35	-1.68	-1.76	-2.16	-0.92	0.84	0.84	-1.94	-1.01	-0.99	-0.51	-0.33	1.45	0.82	-0.72	1.50	1.03	-1.42	-0.47	1.34	1.60
Sample_187	1.29	0.84	1.34	-1.23	0.13	0.21	1.42	0.81	1.29	0.43	0.81	-0.39	0.97	1.19	-0.41	1.16	-0.44	0.42	0.20	0.63	2.63	1.08	0.99	1.21	2.13	1.18	0.72	0.35	-1.45	2.03	-0.55	-1.15	1.47	-0.41	-1.92	0.34	-1.18	-0.09	-0.74	-0.77	-0.70	1.58	0.83	0.07	0.16	0.46	0.02	0.21	1.16	1.24	-0.56	0.97	0.85	-0.06	-0.93	0.43	1.19
Sample_188	-0.22	0.29	0.64	-1.07	0.09	0.83	-0.69	-1.19	-0.03	-0.52	0.62	0.05	0.09	1.03	0.23	0.09	-0.02	0.75	0.41	-1.03	1.73	1.62	-1.15	-0.07	1.14	0.65	-1.30	1.32	-0.37	0.56	-1.19	0.35	2.31	0.62	0.44	-0.49	0.53	-1.76	0.11	0.61	-0.18	0.05	0.18	-0.16	-0.78	-0.74	1.56	1.85	0.56	0.62	0.10	0.07	0.60	-0.59	-0.07	1.54	1.05
Sample_189	-0.83	-0.22	-0.51	-1.90	0.39	-1.29	-0.29	-1.02	-0.58	-0.13	0.72	0.40	2.20	1.85	0.91	-1.69	-1.76	-0.05	0.11	-1.42	0.79	2.00	-0.15	0.75	-0.69	-1.90	-1.16	0.10	1.73	-0.50	-0.43	-0.25	2.91	1.38	1.65	0.70	-1.62	0.08	-0.07	-0.70	-0.07	0.70	0.07	-0.02	0.76	0.55	-1.28	-1.80	-2.03	0.48	-0.33	1.09	0.32	0.41	1.19	0.62	-1.25
Sample_190	-0.18	1.82	1.69	-0.99	0.74	0.45	-1.46	-0.69	0.97	-1.06	0.38	1.63	-0.21	1.28	-2.00	0.17	-1.37	-0.11	1.44	0.92	0.30	1.69	-0.99	1.42	2.08	-0.22	-0.77	1.10	1.22	-1.18	-0.40	0.92	2.36	0.01	0.50	1.35	1.27	-1.37	0.13	0.09	-1.13	0.13	0.32	1.54	0.81	0.10	-1.40	-2.00	-1.28	-0.69	0.25	0.39	0.43	-0.04	-0.09	2.47	-1.57
Sample_191	-0.46	1.54	1.12	0.57	0.54	2.63	0.16	0.56	-0.41	0.93	0.98	1.21	0.49	1.70	1.77	-0.25	0.96	1.34	2.36	-0.28	1.17	1.20	-0.79	0.72	0.52	1.16	2.13	0.18	-1.25	0.58	-0.94	0.59	0.97	1.07	2.74	-0.45	0.57	0.48	-0.27	-0.74	-1.07	-0.05	1.55	-0.85	-0.48	-0.42	-0.83	-0.27	1.58	-0.54	-0.23	1.01	1.48	-0.88	-0.27	0.38	1.76
Sample_192	-1.29	0.06	-0.23	-0.44	1.37	-0.55	0.74	0.10	1.19	-0.68	0.36	0.67	1.77	0.27	0.24	-0.13	0.87	0.23	0.38	-0.08	0.87	2.03	0.10	0.71	1.22	1.10	-0.17	1.70	-0.34	1.14	-0.54	-0.48	2.23	-1.19	-0.40	0.48	0.39	-1.40	-1.10	-0.81	-0.79	-0.17	-0.86	1.25	-0.20	-0.00	1.42	0.85	-0.33	0.01	0.33	0.85	-0.28	-0.07	-0.84	2.36	-0.35
Sample_193	0.19	0.61	0.78	-0.72	0.39	-0.72	-0.26	-0.31	-0.26	-0.78	0.58	-0.15	1.04	-0.16	0.05	2.91	-0.70	0.50	1.53	0.35	0.38	0.97	1.36	-0.29	-0.47	0.38	0.95	1.62	2.08	-0.19	1.03	0.73	2.54	-0.18	-1.50	0.88	-0.12	2.54	2.08	1.63	1.85	-1.41	-1.23	1.40	2.16	2.91	-0.76	-0.82	-1.18	-0.54	2.00	-0.48	-1.07	1.70	2.13	2.91	-1.05
Sample_194	1.01	-0.18	-0.39	-0.64	0.03	0.05	1.48	0.38	1.50	-0.09	-0.21	-0.29	-0.71	-0.20	0.26	-2.10	1.37	0.79	-0.56	-0.48	1.49	0.83	-0.25	-0.02	-1.19	1.37	0.66	-0.10	0.70	-1.64	0.97	0.05	2.13	0.63	0.09	-0.15	2.47	-1.31	-0.22	0.59	0.81	0.08	0.45	0.31	-1.06	-1.16	0.91	2.00	2.08	1.45	-0.45	1.26	0.21	-0.88	1.09	0.07	2.05
Sample_195	-1.18	0.30	0.00	-0.00	1.23	-0.66	-0.40	0.41	0.98	-0.11	0.06	1.42	2.16	1.50	-0.18	-0.91	0.76	-0.28	0.91	-0.29	0.91	0.57	-0.28	0.53	-1.73	0.39	-0.03	0.60	-0.44	-0.35	-0.09	0.56	1.65	0.47	1.24	-0.20	-0.29	-0.83	0.68	0.70	-0.22	-1.09	-0.34	-0.06	-0.05	0.18	0.24	-0.75	-0.55	-1.59	1.06	0.28	0.13	0.33	1.45	2.74	0.64
Sample_196	-1.09	2.23	1.33	-0.50	-1.10	-1.02	0.76	1.16	-1.26	0.47	1.57	2.91	0.42	0.60	-1.90	0.47	-0.41	0.09	2.10	-1.31	0.71	1.40	1.06	1.65	-0.04	-1.34	1.21	1.06	-1.11	-1.74	0.05	-0.72	-0.86	-0.80	-1.36	0.78	0.04	1.88	1.50	1.21	-0.06	-0.59	0.13	0.73	1.21	0.62	-0.94	-0.30	0.29	2.63	0.26	-1.20	-0.42	0.27	1.18	-0.26	0.08
Sample_197	-1.46	0.45	-0.43	-0.39	1.50	-0.06	-1.47	-0.51	0.98	-0.61	-1.03	-1.35	0.37	0.33	0.38	0.80	0.23	-0.39	1.62	-0.71	2.00	-0.34	1.41	0.79	1.26	0.49	-1.34	-0.55	-1.41	-1.01	-0.65	-0.03	1.88	-0.81	-0.09	0.08	-0.79	0.58	0.49	0.72	-0.28	-0.42	0.15	0.33	-0.38	-0.45	0.36	1.11	0.19	0.29	-0.29	-0.75	0.13	-0.21	-1.80	-0.63	0.24
Sample_198	-1.71	0.08	-0.49	-1.73	0.29	-0.16	-0.32	-1.94	0.29	0.02	-1.59	-0.92	-0.32	0.91	-0.07	0.42	-1.44	1.55	-1.23	0.81	-0.02	1.57	-0.04	2.41	2.00	-1.29	1.42	0.65	-0.02	-1.69	-1.76	-0.50	1.83	-0.57	-0.51	0.63	1.08	1.01	0.79	1.34	-0.24	-0.01	1.34	0.01	0.12	-0.23	-2.31	-1.60	-0.58	-0.96	-0.81	-0.01	1.96	-0.30	1.14	-1.24	-0.84
Sample_199	-1.51	1.64	0.99	-0.55	0.57	0.01	-0.12	0.64	-0.59	-1.49	-1.26	-1.27	1.78	0.94	-1.26	0.29	0.42	0.72	1.10	0.68	1.18	1.29	0.40	0.05	0.07	0.42	1.29	1.80	0.57	-0.11	-0.31	-0.58	0.99	-0.06	-1.94	0.55	0.07	1.29	0.65	0.75	1.14	-0.80	-0.68	1.06	0.94	1.28	1.45	1.52	0.14	0.17	0.72	-1.60	-0.93	1.30	2.91	-1.14	-0.65
Sample_200	1.77	-2.03	-1.31	-1.57	-0.85	-2.63	1.57	0.03	-1.42	0.80	0.15	1.08	0.30	-0.34	-0.83	-0.41	-1.42	-0.20	-1.74	0.80	-1.38	1.39	-1.02	1.71	-0.49	-1.49	1.20	1.17	1.08	-0.95	-0.08	-0.44	-2.27	-0.38	1.26	-0.05	1.57	-0.46	0.26	-0.40	-0.20	0.63	0.88	-0.85	-0.78	-0.97	-0.93	-0.11	1.27	0.78	-1.09	-0.58	0.58	-0.42	0.04	-1.37	1.00
