Sample	SharedKnown_890	SharedKnown_957	SharedKnown_863	SharedKnown_132	SharedKnown_38	SharedKnown_566	Matched_455	SharedKnown_145	SharedKnown_225	SharedKnown_466	SharedKnown_86	SharedKnown_297	Matched_210	Matched_906	Matched_1327	Matched_1037	Matched_1413	Matched_1489	Matched_1195	Matched_271	Matched_1390	SharedKnown_505	SharedKnown_120	Matched_1858	SharedKnown_436	SharedKnown_661	SharedKnown_663	SharedKnown_408	Matched_1196	Matched_1811	Matched_1337	Matched_808	Matched_117	Matched_1145	Matched_542	Matched_1142	Matched_1610	Matched_1482	Matched_1024	Matched_1163	Matched_1754	Matched_23	Matched_1113	Matched_1588	Matched_112	Matched_366	Matched_1300	Matched_1074	Matched_98	Matched_1406	Matched_849	Matched_843	Matched_1888	SharedKnown_59	SharedKnown_28	SharedKnown_454	SharedKnown_625
Sample_1	-1.39	-1.39	-1.35	0.04	-0.33	-1.85	-1.51	0.40	0.55	0.87	0.24	-0.15	2.09	0.54	-0.56	-2.27	0.65	0.54	0.11	0.76	0.17	-1.02	-0.59	0.05	-0.71	-0.51	0.23	2.17	0.41	0.33	0.32	-0.94	0.43	-0.29	-0.50	-0.11	0.74	0.44	1.73	1.51	0.54	1.54	0.96	-0.49	0.35	0.96	0.36	-0.47	-0.06	-2.27	-1.41	0.65	0.24	0.55	0.18	-1.02	-0.64
Sample_2	-0.78	-0.75	-0.43	-1.49	-2.57	-1.73	-2.57	1.15	1.23	1.33	1.04	0.38	1.41	1.77	-1.21	-2.39	1.15	1.23	0.18	2.02	0.39	-1.33	-0.55	0.74	0.10	1.49	-2.02	-0.22	-0.08	0.40	-2.93	1.49	0.42	1.07	-0.70	1.73	-0.89	-0.29	-0.34	1.11	-0.07	1.05	-0.33	-0.96	0.87	0.05	2.02	-0.66	-0.00	-0.80	-2.93	-1.13	0.88	1.49	0.36	0.47	1.20
Sample_3	-2.57	0.38	-0.48	0.66	-0.56	-1.02	-0.29	1.16	0.90	0.92	0.22	-0.33	0.85	0.55	-0.76	0.62	1.37	1.20	-0.74	0.37	-0.49	-0.06	-2.57	-1.00	-2.02	0.10	-0.76	-0.17	-0.43	-1.85	-0.90	-1.07	0.58	-2.27	-0.25	-0.53	-0.29	-1.41	-0.64	0.32	-0.59	0.06	-0.64	-1.05	1.04	-0.38	-0.65	-0.69	-0.36	-0.18	-1.10	0.54	1.20	-0.19	-1.05	0.02	-0.16
Sample_4	0.38	-0.63	0.09	0.16	-0.07	-0.52	-0.75	0.16	-0.29	0.21	0.15	0.02	1.37	-0.36	-0.32	-0.07	1.13	0.22	-0.54	-0.60	-0.35	0.61	-0.03	-1.04	-0.39	0.35	-0.90	0.50	0.48	0.01	-1.00	-0.62	-0.53	-0.14	-0.22	-0.19	0.18	-1.02	0.61	1.31	0.22	-0.01	0.09	-0.71	1.57	0.69	-0.29	-0.39	-0.39	-0.05	-0.14	0.29	1.01	0.59	-0.09	-1.69	-1.59
Sample_5	-0.26	-0.81	-0.30	-0.26	1.08	-1.04	-0.53	-0.69	-0.38	-0.69	-1.85	-1.77	1.85	-0.37	-1.07	-0.06	-0.17	-0.87	0.13	-0.16	-1.41	-0.16	-0.09	1.05	1.18	0.27	0.59	-0.19	-0.72	-0.60	-0.24	-0.22	0.25	-0.42	1.29	-0.05	1.85	-0.21	0.49	0.12	1.21	0.19	1.18	1.16	1.59	0.75	-1.44	-0.44	-2.57	0.41	0.45	-0.81	-0.67	-1.54	0.21	-1.25	-0.74
Sample_6	-0.49	-0.37	-0.12	-0.76	-0.29	0.51	-0.41	-0.09	-0.65	-0.74	-0.10	-0.11	0.29	-0.30	-0.08	-0.77	0.32	-0.40	-0.39	-0.16	-0.16	0.45	0.03	-0.07	0.74	-0.29	-0.78	0.02	0.07	-0.84	-2.09	-0.01	-1.49	-1.66	-1.10	-1.05	-0.93	-0.15	-0.75	0.59	0.06	-0.25	-0.41	-0.39	1.51	-0.08	0.04	0.22	-1.33	-0.04	-0.90	-0.01	0.30	0.94	-0.19	-0.07	0.64
Sample_7	-0.59	0.19	-0.93	-0.04	-0.09	-0.83	-0.62	-0.34	-0.16	0.45	0.83	0.87	0.75	-0.74	-0.16	-0.05	-0.38	-0.03	-0.49	-0.40	1.11	-0.60	-1.39	-2.09	-2.93	-1.90	1.77	1.85	-0.49	0.60	-0.61	-1.15	0.61	-0.38	-0.37	-1.59	0.11	0.25	-0.50	-1.18	-0.83	0.00	-1.39	-0.36	1.66	-0.97	1.21	-1.20	-0.62	-0.89	-1.11	0.26	0.10	0.58	-1.54	-2.39	-1.90
Sample_8	-0.57	-1.85	-1.57	-0.93	0.38	0.27	-0.11	-1.18	-1.49	-0.65	-0.38	-0.32	1.63	-1.51	0.87	-0.98	-1.01	-0.98	-0.94	-1.63	-0.05	-1.49	-0.61	0.02	-0.11	0.65	-1.08	-0.70	-1.44	-0.17	-1.07	-0.89	-0.46	-0.78	-1.57	-0.64	-0.08	-0.10	1.23	0.44	0.60	-0.33	0.30	-0.21	1.96	0.46	0.37	-1.04	-1.46	0.34	0.37	0.42	-0.77	-0.51	-0.26	-0.62	-0.93
Sample_9	-1.18	-0.64	0.15	0.38	-0.62	-1.77	-1.41	0.76	0.26	-0.17	-0.94	-1.63	-1.46	0.13	0.43	-1.27	0.92	0.52	-0.25	0.17	-1.57	-0.08	0.10	-1.41	-0.87	-0.76	-0.62	-0.44	0.89	0.97	0.35	0.07	1.69	-0.23	-1.20	0.72	1.07	0.04	-0.66	0.40	-0.11	-1.27	-0.12	-1.81	2.27	0.26	0.01	-0.61	0.89	0.93	-0.69	-0.37	1.16	1.02	0.93	0.62	0.54
Sample_10	-0.06	-0.24	-0.73	-0.43	-0.72	-0.62	-1.11	0.41	0.38	0.69	0.46	0.12	-0.98	0.29	0.02	-0.78	1.05	0.51	-0.66	0.18	0.24	-0.50	-1.51	-0.83	-0.57	0.33	-0.72	0.77	1.08	-0.07	-1.25	0.35	1.21	0.12	-0.45	-0.11	-0.92	-0.62	1.13	0.46	1.37	-0.65	1.31	-0.69	2.93	0.71	0.16	-1.10	0.19	-0.10	-1.25	0.11	0.65	0.80	0.01	-1.29	-1.69
Sample_11	0.15	0.39	0.73	1.25	-0.14	-0.20	-0.24	1.05	0.93	0.78	0.63	0.49	0.94	1.49	-0.20	-0.21	0.53	0.27	0.49	1.63	0.60	0.04	0.14	-0.64	0.97	-1.33	-0.02	-0.67	0.37	-2.27	-1.66	-1.23	-2.93	-0.50	0.41	-0.87	-0.55	0.30	1.00	1.81	1.59	0.21	0.50	0.65	-0.40	0.43	0.48	1.04	-0.94	-0.42	-2.17	-1.27	0.32	0.38	-0.13	0.88	-0.22
Sample_12	0.22	-1.16	0.10	-0.74	-0.98	0.88	-0.59	-0.39	-0.01	-0.16	-0.50	-0.31	0.00	0.75	-0.92	-1.57	-0.54	0.31	0.41	1.00	-0.33	0.22	0.08	-0.84	-0.30	1.90	0.67	-0.56	-0.57	-0.67	-0.70	0.94	0.51	-0.01	0.16	-2.93	-0.58	-0.08	0.58	-0.42	-0.38	0.90	-0.04	1.73	1.21	0.80	-0.02	-1.39	-0.48	-0.11	-0.94	1.18	-0.20	-0.28	-0.75	0.03	2.39
Sample_13	1.25	-1.10	-0.94	-0.49	-0.30	-0.61	-0.57	-0.64	-0.41	0.60	0.12	-0.05	-0.85	-1.00	-0.73	-0.11	0.70	-0.27	-0.11	-0.82	0.03	1.54	1.07	-1.51	0.62	-1.29	-0.28	0.41	0.61	0.36	1.15	-1.33	0.22	-0.48	0.57	-1.39	-0.24	1.01	-0.96	0.29	-0.34	-1.10	0.05	0.42	2.39	-0.28	-0.37	-0.37	0.56	0.08	-0.22	-1.20	-0.25	-0.59	-0.68	-0.42	-0.67
Sample_14	-0.43	-0.11	0.06	-0.17	0.03	-0.22	-0.37	0.30	-0.12	-0.33	-0.22	-0.51	-0.14	-0.09	0.50	-1.44	0.11	0.05	-0.34	-0.27	-0.51	0.03	-0.94	-1.59	0.16	-0.18	0.52	-0.13	0.37	-1.13	-0.25	-0.75	0.66	0.04	0.28	-0.90	-0.49	0.14	-0.48	0.37	0.04	-0.11	-0.73	0.40	1.69	0.16	1.20	0.11	-0.08	0.66	-0.75	-0.19	0.52	1.66	-1.16	-1.81	-0.27
Sample_15	0.98	0.78	1.37	0.00	-0.96	-0.14	0.43	0.87	0.22	-0.66	-0.61	-1.10	-0.50	-0.22	0.81	0.87	0.66	1.29	-0.63	-0.74	-1.63	-0.20	-1.27	0.30	-0.05	0.44	-0.55	-0.31	-0.09	-0.18	0.31	-0.78	0.55	-0.96	-0.16	0.60	1.59	0.15	-0.16	1.90	-1.96	0.54	-1.51	-0.92	1.90	-0.62	-0.25	-0.60	0.81	0.85	-0.49	0.22	1.49	0.81	0.52	0.12	-0.61
Sample_16	-0.81	0.16	0.17	0.51	0.39	-0.78	-0.67	-0.37	0.07	-0.47	-1.27	-1.54	-0.46	0.16	0.23	-0.80	-0.67	-0.37	-0.05	-0.17	-0.85	-0.30	-0.49	0.29	0.78	-0.58	0.33	0.12	-0.14	0.13	0.08	0.25	0.70	1.23	-0.02	1.00	-0.06	-0.50	-0.40	1.05	-0.96	-2.93	0.01	0.32	1.81	-0.19	0.29	0.02	0.61	1.27	0.05	0.77	-0.71	1.18	-0.49	0.93	0.89
Sample_17	-2.02	0.21	0.04	1.35	0.74	-0.44	-1.16	0.51	0.32	0.09	-0.05	-0.09	-0.41	0.06	0.27	0.29	0.30	0.90	0.14	-0.04	-0.42	-1.05	-1.69	0.77	-0.35	1.27	-1.23	0.39	0.53	-0.35	-0.06	0.05	-0.21	-0.54	1.18	0.15	-1.27	-0.29	-0.76	-0.32	0.62	-0.72	0.46	-0.22	1.85	-0.29	-0.87	-1.49	-0.30	-0.15	1.25	1.05	1.05	0.31	-0.05	-0.00	-0.23
Sample_18	-0.93	-1.57	-1.69	-1.04	0.58	-0.21	-0.31	0.38	0.31	0.88	0.61	0.11	0.34	0.05	-1.15	-1.23	1.57	-0.05	0.25	0.01	-0.34	0.62	0.31	0.61	-0.37	-1.04	0.34	-0.29	1.37	-0.33	0.21	0.04	-0.33	-1.11	-0.10	0.41	-0.45	-2.39	0.65	0.11	1.33	0.12	1.20	2.27	2.17	1.31	1.90	-0.25	-1.41	-0.20	0.16	0.04	0.74	0.72	0.49	0.32	0.01
Sample_19	0.96	0.14	0.22	0.37	0.21	0.22	0.18	0.96	0.70	1.25	1.05	0.58	-1.15	0.49	-0.64	0.23	1.49	0.75	0.15	0.15	0.48	-1.10	-0.73	-1.57	-1.25	-1.35	1.13	0.63	-0.74	-0.88	-1.29	-1.63	1.81	-0.17	-0.14	-1.66	0.71	-0.25	0.88	0.71	0.82	-0.69	1.07	0.84	2.02	1.35	0.15	0.29	-0.07	0.65	0.72	0.66	0.69	-1.01	-1.46	-1.01	-0.51
Sample_20	-1.27	-0.62	-0.15	-0.38	-0.03	-1.11	-1.29	0.32	0.06	0.14	-0.14	-0.22	-0.28	-0.00	-0.17	-0.76	0.64	0.38	0.52	-0.22	-0.23	-0.58	0.29	0.11	0.48	0.81	-1.44	-0.29	-1.15	-0.10	-0.22	-0.36	-0.58	-0.55	-0.40	0.01	0.67	-0.78	0.37	-0.78	-0.06	0.98	0.11	0.05	2.57	-0.20	-0.15	-0.09	0.34	1.85	-0.47	0.69	0.70	0.02	-0.41	-1.08	-1.11
Sample_21	0.65	0.26	0.84	0.72	-0.61	-0.02	0.85	-0.49	-0.66	-1.13	-0.52	-0.36	0.03	-1.10	0.61	0.40	-1.20	-0.53	-1.69	-1.44	-0.03	-1.54	-0.26	0.66	-0.07	-0.74	-0.11	-1.07	0.12	-1.00	-0.14	-1.81	-1.33	-0.18	0.50	-0.33	-0.83	0.21	-0.69	0.43	-0.77	-0.11	-1.16	-0.84	-2.39	-0.74	-1.41	-0.78	0.37	1.13	0.71	0.34	-0.57	-0.25	-0.16	-0.98	-0.55
Sample_22	-0.39	0.81	0.61	1.08	1.41	1.90	1.37	-0.42	-0.15	-0.09	-0.11	0.06	1.90	-0.16	-0.42	1.05	-1.07	-0.14	0.00	-0.38	-0.12	-2.93	-1.66	2.27	-0.66	1.59	-0.69	0.90	-0.90	-0.83	0.04	-0.58	-0.73	-1.54	0.77	-0.21	1.77	-0.69	1.46	1.37	0.98	0.69	0.55	-0.65	0.16	1.21	-0.89	0.09	0.36	0.63	1.41	1.20	-0.87	0.70	-0.92	-0.66	-0.59
Sample_23	-1.44	-0.58	-1.15	-0.02	-0.94	-0.28	-0.60	0.46	0.41	0.37	0.88	0.77	0.33	-0.02	-1.02	0.73	0.37	0.60	-0.59	-0.00	1.00	-0.48	-1.59	-1.29	-2.39	-0.63	0.01	0.01	-0.61	-1.23	-2.17	-0.61	0.94	-0.33	0.21	0.38	0.12	-0.43	-0.61	1.44	-0.35	-2.57	-0.75	-1.54	-1.46	-0.84	0.25	-2.09	-0.84	0.02	-0.16	0.14	0.44	0.76	-0.71	1.69	0.43
Sample_24	0.66	0.25	0.53	0.01	-1.01	-2.09	-0.40	-0.65	-1.51	-2.02	-1.73	-0.75	0.76	-1.02	1.35	-0.16	-0.71	-1.49	1.15	-1.37	-1.04	-1.25	-0.25	-0.56	0.27	0.80	-0.10	-0.72	0.02	-0.43	0.77	0.87	1.49	0.62	-0.11	0.23	-0.57	-0.60	0.71	-1.59	0.28	-0.62	0.31	-0.37	0.56	0.53	-1.31	-1.57	-0.05	1.90	0.40	-1.85	-0.05	-0.65	0.39	-0.59	0.09
Sample_25	0.00	-0.76	-1.20	-1.63	0.12	-0.45	0.07	-1.27	-0.97	-0.85	-0.24	-0.01	-1.11	-0.76	0.03	-0.27	-1.41	-1.04	-1.02	-0.66	0.20	-0.18	0.44	1.90	1.08	0.82	0.13	-0.78	-0.54	-0.72	0.46	0.22	0.97	0.28	-0.31	0.25	1.18	-0.84	-0.02	1.41	0.85	-0.15	0.72	-0.51	0.21	1.15	-0.59	-0.08	0.65	0.60	0.50	1.07	-0.69	0.89	0.13	1.11	1.11
Sample_26	-0.96	0.96	1.20	1.00	0.30	-0.64	-1.00	0.72	1.08	0.89	0.10	-0.03	-0.40	1.63	0.84	0.31	0.27	0.71	0.71	1.44	0.25	-1.73	0.53	1.01	1.41	0.42	-1.90	-1.41	-1.11	0.44	-0.97	1.51	-0.55	0.38	1.10	1.81	0.39	0.31	-1.90	1.15	-0.22	-0.23	1.01	0.24	0.72	-0.59	-0.06	-0.22	0.97	0.33	-0.57	0.32	0.48	-0.14	2.39	0.74	0.21
Sample_27	-0.58	-0.89	0.16	0.34	-0.38	-0.23	0.59	0.19	-0.07	-0.56	-1.18	-1.66	-0.49	-0.11	0.33	-1.49	0.01	0.26	-1.04	-0.14	-1.46	-0.05	0.67	0.34	0.80	0.51	-1.66	-0.43	-0.75	-1.59	-0.59	-1.96	-0.60	-1.01	0.92	-1.23	0.10	-0.26	0.18	-1.23	-0.92	-2.39	-0.94	-0.07	0.64	-0.70	0.33	-0.65	-0.02	0.03	-0.83	-0.49	0.18	-0.62	1.33	0.72	-0.76
Sample_28	-0.13	-0.65	-0.81	-0.37	-0.20	-0.39	-0.78	-0.98	-0.90	-1.39	-1.07	-0.87	0.14	-0.42	-0.45	-1.96	-1.44	-1.27	0.10	-0.01	-0.60	0.56	0.04	0.14	0.35	0.53	-0.44	0.44	-1.73	0.55	0.96	-1.08	-0.98	0.09	0.48	-0.71	0.65	0.01	-1.01	2.17	-0.16	-0.07	-0.24	0.58	1.35	-1.59	-1.21	-0.63	-0.16	1.81	-0.43	-0.20	-1.49	-1.33	-0.93	-0.97	-1.46
Sample_29	-0.32	0.08	0.19	0.74	0.49	-0.81	0.12	1.23	1.29	1.46	0.72	0.11	-0.39	1.81	-1.39	-0.47	1.66	1.31	0.42	0.83	-0.26	0.77	0.40	-0.42	-0.22	0.01	-0.67	1.46	-1.23	-0.08	-0.50	-0.28	1.11	1.39	-0.38	0.06	0.55	0.74	-1.07	0.78	-0.37	0.23	0.38	-0.10	1.41	-0.67	0.54	-0.27	1.44	0.78	0.07	0.08	0.71	1.46	0.20	-1.20	-1.41
Sample_30	0.25	0.23	0.05	-0.01	-0.37	0.76	-1.05	-0.18	-0.72	-0.41	-0.06	0.13	-1.37	-0.62	0.98	0.17	-0.07	-0.81	-0.44	-0.56	0.16	-1.23	-0.80	-2.02	-1.59	-1.44	-0.25	1.29	-0.56	1.31	1.63	-1.25	0.35	-1.07	-1.66	-1.30	-1.18	0.42	1.02	0.13	0.29	-0.81	-0.83	-0.02	1.33	-1.20	-0.74	0.44	0.77	1.02	-0.52	-0.75	-0.07	0.56	-2.09	-1.07	-1.20
Sample_31	0.08	-0.40	0.12	0.44	0.37	-0.17	0.02	0.49	0.97	2.27	1.46	1.15	1.11	1.21	-1.69	-0.41	0.85	0.94	0.16	0.58	1.21	0.35	0.94	-1.37	0.52	-1.31	-0.49	0.22	0.36	-0.15	-0.48	-0.19	0.46	-0.47	0.49	-0.74	-0.65	0.37	-0.25	0.31	0.88	0.40	1.05	-0.82	-1.18	0.97	-1.16	0.93	0.44	-0.30	1.04	1.63	-0.32	0.16	-1.21	-0.80	-0.54
Sample_32	0.37	-0.77	-0.41	0.36	-0.10	-0.67	-1.02	-0.75	-0.55	0.62	1.07	1.46	-0.60	-0.22	-0.23	-1.35	-0.06	-0.80	-0.22	-0.37	1.73	1.39	-0.07	-0.71	-0.54	-0.11	0.12	-0.62	0.85	0.22	0.82	0.37	-1.54	-0.26	0.61	0.62	-1.73	0.08	-0.17	1.57	-0.55	1.15	0.24	-1.33	1.20	-1.73	-0.07	-0.56	0.21	-0.31	-1.23	-0.49	-0.93	0.11	0.26	0.05	-0.41
Sample_33	-0.37	-1.18	-0.29	-0.19	0.26	-0.50	-0.22	-1.05	-2.02	-0.87	0.19	0.81	-0.02	-1.96	0.18	-0.92	-0.29	-0.89	-1.29	-2.02	1.02	-0.31	-0.22	-1.96	-1.18	0.29	-0.50	-1.04	-2.57	-0.51	0.02	-1.77	-0.70	-1.59	-0.21	-1.90	1.46	-0.22	-1.13	0.27	-1.66	0.49	-1.81	-1.69	-0.22	-1.11	-0.98	-2.17	0.25	-0.88	-1.51	-0.48	-0.11	0.22	-1.31	-0.93	-1.44
Sample_34	1.20	2.09	1.66	0.88	-0.74	0.39	-0.18	1.66	1.49	0.80	1.69	0.96	0.66	1.16	-1.04	2.02	1.08	1.63	0.89	0.69	0.50	0.59	-0.77	0.64	0.04	-0.71	0.54	-1.51	-1.90	-2.17	-0.51	0.56	-0.76	0.60	1.54	0.61	-0.73	-0.74	-0.01	-0.82	-0.89	0.18	-1.31	-0.64	-2.57	-1.01	-0.64	2.17	2.17	0.49	-0.09	-0.88	1.23	-1.29	-2.57	-2.02	-1.51
Sample_35	0.85	-0.16	0.07	-0.51	-0.44	0.31	-0.19	0.37	0.29	0.76	0.52	0.47	-1.66	0.47	-0.57	-0.71	1.11	0.29	-0.30	0.22	0.36	1.46	1.25	-1.81	-1.54	-0.45	-0.51	-0.66	0.49	-0.22	0.01	-1.66	0.29	-0.89	-0.01	-0.92	-0.09	1.23	0.32	0.45	0.94	-1.02	0.49	0.28	-1.33	-0.02	-0.32	-0.00	1.02	-0.39	-0.28	-0.13	0.54	0.25	0.37	-0.96	-0.49
Sample_36	0.51	1.29	0.98	0.48	1.10	0.17	-0.01	0.24	-0.22	-0.92	-1.10	-1.16	-1.77	-0.67	0.70	1.27	0.63	-0.10	-0.03	-0.96	-1.37	-0.02	-1.46	-0.80	-0.51	-0.35	-0.21	-1.73	-0.62	-1.44	-0.29	-1.04	0.54	-0.07	-1.16	-1.11	-0.04	-1.07	-0.13	-1.96	-1.23	-0.44	-0.82	0.77	-0.82	-0.06	-2.09	0.66	0.62	0.16	1.66	0.13	0.83	-1.02	-1.37	-1.39	-1.96
Sample_37	-0.05	-0.08	0.41	0.18	0.50	0.77	0.36	0.01	0.25	0.71	0.17	0.03	1.29	0.41	0.69	-0.69	0.12	0.42	0.90	0.38	0.21	0.22	1.23	-0.18	-0.50	1.33	-0.26	0.93	-0.46	0.70	0.42	-1.51	-0.45	-0.12	-1.96	-0.56	-0.90	1.00	1.66	0.16	0.41	-0.08	1.39	0.78	-1.57	2.02	-0.60	-0.11	-0.16	0.04	-0.21	1.37	-0.37	1.77	-1.07	-2.17	-2.02
Sample_38	-0.62	-0.11	-0.47	-0.29	-0.04	0.64	-0.05	-0.59	-0.53	-0.88	-0.89	-0.94	1.77	-0.51	1.05	-0.60	-0.76	-0.75	-0.64	-0.46	-0.59	-1.39	-1.15	0.51	0.37	-1.51	-0.45	-0.71	-1.31	0.82	2.27	-0.15	-0.07	0.81	-1.23	-0.20	-1.96	-0.14	-0.57	0.80	-1.04	0.22	-0.34	0.76	0.24	-1.05	-1.81	-0.54	1.15	-0.49	0.16	0.27	-0.78	-2.27	0.11	-0.46	0.29
Sample_39	1.04	-0.05	1.69	0.20	0.18	-0.42	0.61	0.45	-0.32	-0.45	-0.29	0.09	-0.57	-0.29	-0.18	-0.19	0.22	1.27	0.84	-0.42	0.01	1.04	-0.96	-0.29	0.29	2.93	-0.03	0.20	0.43	-0.69	0.73	-1.73	0.56	1.20	0.22	-1.69	0.84	-0.58	-0.36	-0.92	-0.50	-2.27	-0.69	0.11	-0.19	-0.42	2.27	-1.51	-0.01	-0.12	-0.74	0.84	1.57	0.45	-0.72	-1.63	-1.16
Sample_40	-0.38	-0.04	-0.42	-0.97	-1.37	-0.84	-0.51	1.25	0.96	1.29	1.25	0.60	-0.18	0.96	-1.66	-0.48	2.57	1.81	-0.75	0.49	0.26	0.05	1.66	-1.39	-0.60	-0.82	-0.56	1.51	0.32	0.20	0.16	-1.13	0.84	0.53	-0.05	-0.83	-0.87	-1.31	-0.28	0.21	0.01	-1.25	-0.14	-2.02	-0.35	0.37	1.10	0.05	0.57	-0.76	-1.13	0.06	1.63	0.74	-0.94	-1.57	-1.05
Sample_41	1.35	-0.10	0.05	0.19	0.83	-0.85	0.60	-0.53	-0.59	0.05	0.11	-0.12	2.17	-1.23	0.17	0.28	0.11	-0.20	-1.25	-1.20	0.09	-1.63	-0.49	-0.96	-0.55	-0.87	-0.32	1.16	-0.58	1.10	0.26	-0.64	1.77	-0.98	0.09	-1.18	0.40	0.37	-0.45	0.53	0.38	-1.15	-0.10	-0.85	-0.81	-0.69	-0.92	1.15	1.21	0.72	0.54	0.37	-0.40	-0.12	-1.85	0.16	0.98
Sample_42	0.21	0.88	0.44	0.27	-0.54	-0.72	-0.00	0.37	-0.34	-0.43	-0.11	-0.06	0.60	-0.26	0.76	0.04	0.81	-0.19	-0.09	-0.71	-0.50	0.81	-1.11	1.29	0.14	1.00	-1.29	-0.84	-0.70	-0.66	0.53	0.43	-0.01	-0.93	-0.57	0.17	0.62	-0.46	-1.39	0.39	-0.17	-1.54	-0.22	0.96	-1.44	-0.64	-0.49	0.92	0.64	1.16	0.75	1.00	1.07	-1.46	0.14	0.70	0.23
Sample_43	-0.71	-0.31	0.60	-0.20	-0.26	-0.24	0.45	0.23	-0.81	-1.41	-1.77	-1.69	-0.67	-0.84	1.73	0.08	-0.18	0.64	-0.19	-1.07	-1.69	1.49	0.46	1.33	1.10	2.57	-1.63	0.38	-0.51	0.63	-0.05	-0.93	-0.74	-0.40	-0.53	0.81	0.89	0.62	0.51	-1.77	-0.05	-0.10	-0.11	-0.26	-1.01	0.70	0.49	-0.67	0.07	-0.11	-0.55	1.39	1.10	-1.11	1.57	0.29	-0.30
Sample_44	0.37	-0.16	0.18	-0.27	0.05	-0.65	0.37	-0.27	-1.07	-1.21	-1.57	-1.46	0.52	-0.94	0.12	-0.57	-0.01	-0.50	-0.46	-1.18	-1.31	0.20	0.02	-0.16	0.73	0.49	0.53	0.46	1.51	0.18	-0.12	-1.37	-0.97	0.98	-2.02	-1.46	-0.74	-0.05	0.11	-0.29	0.37	-0.19	1.44	0.45	-0.90	0.27	-0.34	-0.64	-0.20	0.89	-0.60	-0.93	0.23	0.50	0.05	0.18	-0.31
Sample_45	-0.16	-1.49	-0.61	-1.27	-0.12	-0.56	-0.25	-1.31	-1.31	-0.72	-0.56	-0.18	-1.54	-1.00	-0.52	-1.54	-0.52	-1.23	-1.20	-0.55	-0.13	1.21	0.13	-0.82	-0.37	-0.02	-0.23	-0.54	-1.00	-1.49	-1.33	-1.11	-0.75	-1.25	-1.04	-0.57	0.08	0.56	-0.15	-1.08	0.87	-0.70	0.33	0.11	-1.20	-0.29	-0.58	-1.23	-1.63	-0.37	-0.34	-0.85	-0.53	-0.22	-0.97	-0.75	-0.37
Sample_46	0.07	0.37	0.38	0.11	0.75	0.74	1.13	-0.17	-0.19	-0.49	-0.57	-0.44	1.35	-0.48	0.25	1.33	-0.24	0.16	0.48	-0.69	-0.57	0.07	0.49	0.90	0.39	0.84	-1.15	0.70	-0.06	0.30	0.61	-1.10	-0.50	-0.45	0.80	-0.36	-0.10	0.61	-0.94	2.09	-0.72	-0.80	-0.61	0.72	-0.10	-0.78	0.98	-0.03	0.96	0.90	1.10	1.33	0.45	2.27	0.03	1.04	1.54
Sample_47	-0.56	0.57	-0.03	-0.57	-0.16	0.37	-0.49	1.27	0.66	0.23	0.11	0.29	-0.07	0.40	0.24	0.51	1.63	0.63	-0.70	0.16	-0.56	0.65	-1.07	-0.90	-1.23	-0.11	0.62	-0.45	-0.59	1.02	-1.16	-0.63	-0.61	1.69	0.58	0.20	1.13	-0.93	-0.67	0.22	-0.81	-0.57	-1.57	0.46	-1.10	-0.33	0.13	0.10	0.85	-1.37	-0.81	0.20	2.57	-0.53	0.75	0.71	-0.82
Sample_48	0.45	-0.57	-0.21	-1.01	0.80	-0.70	-0.63	-1.16	-1.02	-0.76	-0.97	-1.07	0.08	-0.60	-0.46	-0.61	-1.31	-0.77	-0.87	-0.58	-0.47	-1.69	-0.66	0.87	1.37	-0.37	2.57	-0.64	-0.15	-0.04	-1.02	-0.24	-1.41	-0.82	0.29	-0.13	-1.35	-0.11	0.29	1.16	0.44	0.66	0.61	0.89	0.16	-0.51	-1.08	-0.74	-0.19	1.15	-0.42	1.49	-0.92	-0.83	0.15	1.02	0.05
Sample_49	-0.14	0.18	1.15	1.27	0.77	-0.66	-0.03	0.98	0.13	-0.19	0.37	0.15	-1.96	-0.34	0.65	0.53	1.23	0.61	0.30	-0.51	-0.30	0.98	-0.46	-0.06	-0.43	-0.26	0.08	1.04	-1.16	0.71	-0.81	-0.90	1.02	-0.62	-0.58	-0.76	-0.62	-1.66	-0.11	-0.33	-0.22	0.34	0.53	-0.87	-0.80	0.40	0.69	0.33	0.43	0.18	0.43	0.50	2.39	0.87	-0.90	-0.50	0.82
Sample_50	-0.64	-0.98	-1.51	-0.55	0.41	0.06	0.84	-1.41	-1.29	-0.75	-0.37	-0.38	0.84	-2.02	0.74	-0.72	-1.13	-1.77	-0.47	-1.77	-0.10	1.23	0.34	-0.76	-1.63	-1.49	-0.74	1.18	-0.77	0.76	0.22	0.69	0.71	1.44	0.34	-1.44	-1.15	-0.23	1.33	2.39	1.46	-1.85	1.41	1.21	0.67	1.57	1.33	-1.35	0.22	-0.22	-0.76	-1.29	-1.27	-0.80	-1.44	-1.49	-0.50
Sample_51	0.41	-1.25	-0.97	-0.22	-0.08	0.14	0.16	-0.55	-0.71	-0.10	0.37	0.41	-0.00	-0.87	-0.03	-0.51	-0.58	-0.21	-0.16	-0.72	0.59	-0.83	1.37	-0.04	0.19	2.02	-0.05	1.49	-0.80	0.52	-0.77	-1.57	0.96	-1.73	0.73	0.04	-0.16	0.84	-0.92	2.02	-0.02	0.08	0.35	0.13	-2.93	-0.93	0.87	1.37	0.37	0.51	-0.36	0.47	-0.21	-0.84	-0.56	-0.29	0.71
Sample_52	-0.88	-0.12	-0.83	-0.16	-1.41	-0.88	-1.20	-0.63	-0.29	-0.02	0.05	-0.20	1.57	-0.10	-0.26	-1.69	-0.62	-0.35	0.03	0.10	0.16	-1.01	-1.85	-0.03	-0.94	0.37	-0.30	-0.02	-0.13	-1.10	-0.11	-0.54	-0.00	-0.06	0.35	-2.17	1.63	-0.40	0.11	0.75	0.47	-1.33	-0.05	0.93	-1.81	-0.34	-0.12	-0.24	-0.90	0.57	-1.96	-0.69	-0.89	-0.17	-1.63	-1.13	-1.25
Sample_53	-0.53	-0.96	0.24	0.82	1.90	-0.98	-0.66	-0.84	-1.00	-0.32	-0.41	-0.57	-0.49	-1.21	1.21	-0.23	-0.11	-0.59	-0.65	-1.01	-0.40	-0.72	0.51	-0.43	-0.22	-0.85	0.02	0.78	0.04	1.39	1.49	0.10	1.27	-0.36	1.63	-1.35	1.41	-0.12	0.15	-2.17	0.56	-0.42	1.04	-0.53	-0.08	1.59	-0.93	-1.21	0.49	2.27	0.70	0.72	-0.34	0.24	-1.11	-2.09	-0.85
Sample_54	-1.05	0.29	0.37	-0.45	-1.33	-1.49	-1.69	1.51	1.01	0.34	-0.17	-0.52	-1.18	1.04	-0.12	0.10	1.29	1.05	0.11	1.33	-1.29	1.66	0.41	-0.44	-0.11	-0.69	-0.22	-0.08	-0.41	-1.31	-1.31	-0.17	-1.63	-0.97	0.23	0.77	-1.81	-0.49	-0.38	-1.90	-0.67	-0.27	-0.20	-0.11	-1.96	0.05	1.41	0.28	0.40	0.96	-0.92	-1.11	1.41	-0.38	0.51	-0.69	-0.37
Sample_55	0.32	-0.39	0.22	0.16	0.27	0.69	0.00	-0.88	-0.47	-0.54	-1.15	-1.51	-0.22	-0.14	0.89	-0.46	-0.60	-1.29	0.24	-0.11	-0.97	1.59	0.35	0.18	0.43	-0.19	-0.80	0.75	-0.11	1.18	1.69	0.80	1.41	0.31	0.42	0.29	0.37	0.12	-0.22	0.01	0.34	-1.90	0.40	0.82	1.15	0.07	-0.41	0.14	0.22	1.66	0.49	-0.47	-1.25	-0.64	-0.04	-1.05	-0.92
Sample_56	-1.08	0.56	0.52	0.57	-1.04	-1.23	-0.32	1.07	0.60	-0.06	-0.08	-0.40	-1.04	0.29	0.77	-0.22	0.97	1.37	-0.42	0.20	-1.00	-0.89	-0.44	-0.17	-0.33	1.85	-0.65	1.07	1.54	0.42	-0.85	-0.97	0.17	-2.17	1.04	-0.18	-0.05	-0.09	-0.55	-0.89	-1.35	-0.60	-0.42	-1.16	-2.02	-0.92	-0.05	-0.45	0.69	1.05	-1.07	0.55	1.46	-0.60	-0.87	-0.88	-0.49
Sample_57	0.55	-0.03	-0.11	0.47	0.05	0.05	-0.23	-1.00	-1.25	0.17	0.30	0.66	-1.05	-0.97	1.13	-1.08	-0.25	-1.51	-0.71	-0.92	1.07	-0.04	0.42	-0.94	-1.49	0.06	-0.27	1.21	-0.44	-0.29	-0.02	0.47	0.93	0.92	1.59	-0.23	-0.50	0.41	0.77	-0.53	1.04	0.28	1.02	0.71	-0.05	0.59	0.92	0.16	0.32	0.42	-0.77	0.57	-0.62	1.59	-0.51	-0.65	-0.57
Sample_58	1.66	0.51	1.01	0.22	0.04	-0.60	0.15	-0.73	-1.20	-0.27	-0.21	0.14	-2.93	-1.07	0.01	0.83	0.18	-1.66	-0.62	-1.02	0.29	-0.29	1.11	-1.54	-0.67	-0.41	0.55	1.08	-0.69	1.15	1.05	0.23	0.72	0.10	0.22	-0.61	0.01	0.34	0.82	0.83	1.49	0.20	0.65	1.15	-0.23	0.39	0.08	-0.58	1.05	1.44	0.32	-0.03	-0.35	-0.43	-1.39	-1.85	0.14
Sample_59	0.11	0.40	0.71	1.29	0.08	-0.53	0.29	-1.04	-0.40	1.07	1.11	0.84	-1.51	-0.77	0.11	-0.38	0.24	-0.34	-0.29	-0.88	1.16	-0.17	1.29	-0.73	-1.51	-0.62	-1.00	0.58	-0.78	-1.11	-0.76	-0.23	-0.89	-1.46	1.69	1.13	-1.49	-0.53	-0.09	0.37	1.20	-0.31	1.08	0.05	-1.16	0.81	-0.94	1.05	2.39	2.02	-0.63	-0.65	-0.54	1.25	-0.77	0.42	0.48
Sample_60	0.59	1.11	0.97	1.01	1.39	1.05	1.05	-0.12	-0.00	-0.18	0.08	0.16	-0.62	-0.17	1.57	0.81	-0.45	-0.44	0.20	0.09	0.30	-0.74	-0.06	0.00	0.03	0.90	0.36	1.59	-0.84	0.27	-0.27	-1.00	-1.21	0.50	0.51	-1.27	-1.20	-0.71	-0.84	0.88	-0.37	-0.05	0.29	1.46	-0.52	0.65	-0.28	0.52	0.75	1.39	1.20	-0.11	-0.26	-1.05	0.74	-0.13	-1.08
Sample_61	-1.11	-0.84	-1.16	-0.30	0.88	0.73	0.50	-0.23	0.02	0.53	-0.01	-0.43	-1.21	0.22	0.19	-1.02	0.08	0.09	-0.32	0.53	-0.18	-0.14	-0.28	0.39	-0.53	-0.32	0.19	0.19	-1.02	1.07	0.66	-0.29	-0.40	-0.05	-1.29	-0.69	-0.26	-0.34	0.94	-0.69	0.67	0.67	0.34	0.66	0.97	0.49	-0.24	0.50	-1.04	0.20	0.66	0.30	-0.31	0.53	0.32	-0.40	-0.32
Sample_62	0.42	-0.47	-1.00	-1.51	0.65	0.26	0.97	-1.57	-1.44	-0.96	-1.44	-0.80	-1.57	-1.37	0.66	-0.59	-0.98	-1.20	-0.93	-1.31	-0.81	0.26	-0.18	0.19	0.65	0.17	-1.31	1.20	1.85	1.01	1.54	-0.31	-0.57	0.15	1.90	1.05	-0.59	0.22	0.42	0.51	-1.01	-0.24	0.57	0.33	1.27	0.66	-0.33	0.18	0.87	0.92	0.63	0.58	-1.20	-0.93	-1.18	0.19	-0.56
Sample_63	-0.84	1.51	1.35	2.02	-0.58	0.42	0.13	1.49	0.56	0.26	0.77	0.93	-0.53	0.22	0.26	1.44	1.51	0.66	0.40	0.03	0.18	-0.93	-2.27	-1.90	-1.35	-0.10	1.73	1.73	-1.63	0.16	-0.23	-1.21	0.57	0.35	1.16	-1.30	-0.19	-1.05	0.63	-0.49	-0.09	-0.03	-0.37	1.57	0.74	0.08	0.58	0.85	0.09	-0.22	0.26	-0.36	2.02	-0.16	-1.51	-1.44	-0.36
Sample_64	-0.02	0.41	-0.08	-1.10	0.35	0.08	0.56	-0.51	-0.49	-1.05	-1.00	-0.78	1.59	-0.25	1.59	-0.34	-1.23	-0.96	-1.13	-0.31	-0.98	1.96	0.45	0.82	1.44	0.12	-0.39	-1.13	-2.27	-0.30	-0.56	-0.34	1.46	0.63	0.63	0.08	1.10	-0.97	-1.23	0.96	-0.13	0.05	-1.13	-1.18	1.18	-1.90	-0.81	0.98	0.26	-1.15	-0.05	0.49	0.06	0.46	0.40	1.57	0.30
Sample_65	2.57	0.33	0.49	0.54	2.57	1.66	2.02	-0.60	-0.87	0.40	1.90	1.96	1.73	-1.81	-0.31	1.25	-0.48	0.15	-0.38	-1.96	2.27	-1.08	-1.00	-0.66	-0.04	-0.54	-0.00	-0.80	0.19	0.54	1.51	-0.48	-0.31	0.93	-0.51	-2.09	0.76	-0.32	-1.66	0.10	-0.29	0.16	-1.11	-0.67	0.92	-2.02	-0.46	0.70	0.29	0.43	2.93	1.69	-0.22	-0.72	-0.28	-0.76	-1.29
Sample_66	0.54	-0.59	0.75	0.25	0.10	-0.69	-0.29	0.74	-0.33	-0.34	-0.23	-0.88	0.37	-0.63	0.41	-0.17	1.96	-0.01	-1.11	-0.77	-1.73	-0.21	-0.19	-0.20	-0.02	-0.90	-0.93	0.64	-0.37	1.25	1.07	0.18	0.20	0.96	0.96	-1.51	0.31	0.05	-0.77	1.23	1.44	-0.37	0.58	0.20	1.00	-0.17	-0.84	-0.55	-0.55	-0.16	0.11	-0.05	1.54	-0.23	-1.49	-2.93	-1.39
Sample_67	0.24	-0.38	0.08	0.09	1.15	0.30	0.44	-0.22	-0.30	0.49	0.47	0.18	-1.63	-0.39	1.21	0.22	0.58	-0.17	-0.58	-0.53	0.47	0.36	-0.12	1.25	0.37	0.22	-1.73	1.02	-0.28	0.80	0.72	-0.16	-1.16	0.36	0.53	-0.49	-0.34	-1.11	0.74	-0.72	0.97	-2.09	1.77	0.54	0.75	0.63	0.19	0.97	-0.22	-0.07	1.00	1.04	0.11	0.37	0.27	-0.77	0.33
Sample_68	0.93	1.00	0.89	0.73	0.94	0.41	0.32	1.11	0.80	0.75	0.81	0.82	-1.49	0.88	-0.88	1.21	0.89	1.33	0.70	0.14	0.54	0.14	0.27	-0.31	0.05	0.07	1.00	-0.58	0.35	-0.40	-0.84	1.21	1.31	1.01	0.59	-0.30	-0.20	-0.54	-0.37	0.61	1.08	0.11	0.73	0.75	0.46	-0.23	-0.18	1.31	-0.53	-0.45	1.81	1.44	1.29	1.85	0.24	-0.78	-0.66
Sample_69	1.59	1.63	1.41	0.63	0.28	0.10	1.51	-0.20	-0.78	-1.29	-0.80	-0.27	-0.11	-1.04	1.81	1.23	-0.21	-0.90	-0.02	-1.54	-0.48	-0.52	0.83	2.93	2.93	0.49	-0.15	-1.77	-1.54	-0.06	1.27	1.02	-1.66	-0.53	-0.34	1.25	-0.78	0.80	-0.51	2.57	0.15	-0.36	-0.05	0.18	0.39	-0.76	-1.18	0.84	1.85	0.35	-0.35	-1.35	0.89	-0.00	1.20	1.51	1.04
Sample_70	-1.10	0.04	-0.14	-0.98	-1.73	-0.46	-0.30	-0.28	0.15	-0.28	-0.07	0.08	-1.08	0.53	-0.72	-0.52	-1.05	-0.26	-2.02	0.52	0.33	-1.18	-0.87	0.72	0.93	-0.30	-0.66	-0.55	0.74	2.02	1.29	-0.73	0.31	-1.02	0.31	-0.49	-1.29	-0.31	-2.02	1.27	-1.57	1.02	-2.02	-0.83	0.90	-2.93	0.30	-1.69	-0.72	1.37	-0.01	-0.51	-0.76	-1.37	1.25	1.29	1.31
Sample_71	-0.17	-0.30	-0.28	-0.00	1.13	0.05	0.51	-0.50	-0.92	-1.11	-1.35	-1.49	-1.16	-1.35	0.67	0.72	-0.94	-0.18	-0.72	-1.13	-1.49	-1.81	-0.21	0.71	-0.00	0.26	-0.97	0.27	-0.17	-0.13	-0.83	-1.69	-0.85	-0.13	0.82	-0.72	0.41	-1.37	-0.89	1.35	0.59	-0.55	1.11	0.22	0.96	-0.24	-0.11	-0.29	-1.59	0.53	-0.11	0.61	-0.27	-0.31	0.59	0.45	0.00
Sample_72	-2.17	-1.73	-2.93	-2.93	-1.90	-1.59	-1.49	-1.25	-0.37	-0.89	-0.46	-0.47	-0.51	-0.23	-1.11	-1.25	-2.17	-1.07	-2.39	0.27	-0.11	0.60	1.08	-0.67	-1.57	-1.18	-1.96	-1.96	0.75	-0.11	1.66	0.83	-1.04	-0.70	0.14	1.90	0.22	0.93	-1.11	0.94	0.53	1.18	-0.63	-2.57	0.48	-0.83	-0.90	-2.39	0.72	0.45	-1.69	-0.60	-2.27	-0.45	-1.41	0.07	-0.70
Sample_73	-0.70	0.01	0.20	0.39	1.37	0.54	0.19	-0.16	-0.26	-0.23	-0.37	-0.71	-1.01	-0.57	1.04	0.39	0.09	0.12	-0.15	-0.50	-0.55	-2.09	-0.14	0.84	-0.08	0.14	-1.37	-0.24	1.18	-0.05	-0.36	0.14	0.08	0.71	0.08	0.96	0.97	-1.25	0.22	-0.65	0.16	-0.43	-0.03	0.17	-0.00	0.38	-0.88	1.13	1.10	0.06	1.39	1.02	0.39	1.29	1.21	0.60	-0.43
Sample_74	-0.31	1.15	1.73	1.41	1.01	0.22	0.66	1.18	0.39	-0.25	0.01	0.19	-1.25	-0.03	1.23	0.98	1.21	0.58	0.36	-0.36	-0.94	0.11	-0.81	-1.01	-0.38	-0.48	0.61	-1.00	0.01	-0.12	-0.47	0.54	0.15	-0.05	-0.78	1.23	0.49	-1.59	-1.10	-1.49	-1.27	-0.58	-1.01	-0.62	0.69	-0.57	-0.19	-0.43	0.39	0.07	1.27	1.15	2.09	0.09	-0.48	-1.23	-1.15
Sample_75	1.27	-0.42	-0.31	-0.77	-0.24	-0.29	-0.33	0.05	-0.63	-0.82	-0.72	-0.72	-1.90	-0.19	-0.11	-1.05	0.50	-1.05	-1.49	-0.64	-1.39	1.25	1.33	1.54	1.85	0.88	-1.49	-1.37	-1.81	0.39	0.11	-0.09	0.11	-0.29	1.31	2.02	0.43	-2.17	0.78	-0.55	1.35	-0.85	1.37	-0.03	1.13	1.07	-0.42	1.59	-0.13	-0.08	-0.17	-0.50	-0.18	0.92	1.05	0.96	0.36
Sample_76	1.73	0.72	0.92	0.26	-1.54	0.57	0.20	0.75	0.83	0.54	0.92	1.49	-0.90	0.87	-0.80	0.90	-0.09	0.22	0.81	0.49	1.35	-0.29	-0.39	1.08	-0.23	0.05	0.37	-0.16	-1.57	-0.48	-0.66	-0.18	-0.66	-0.00	0.87	1.08	0.05	-1.35	1.31	0.25	2.17	0.56	2.09	-0.05	0.71	1.69	0.70	2.09	1.20	-1.41	0.06	-1.04	0.20	0.49	0.54	-0.01	0.92
Sample_77	-1.54	1.20	-0.18	-1.73	-1.77	0.02	-0.21	-1.13	-0.13	-0.05	-0.40	0.20	0.42	0.76	-0.77	0.70	-1.77	-0.84	-2.57	0.41	0.27	1.37	-0.63	-0.72	-1.07	-0.84	2.39	-1.44	-0.05	-1.37	0.07	1.66	-1.90	1.00	-0.75	1.15	-1.41	0.03	0.55	0.30	0.35	0.61	0.82	-1.73	0.55	0.54	0.64	-2.57	-1.85	0.59	0.22	0.28	-1.73	-0.47	-1.29	-0.64	-0.42
Sample_78	-1.73	-1.33	-1.73	-1.57	-1.96	-1.90	-1.39	-0.67	-0.23	-1.10	-0.48	-0.46	-0.73	-0.12	-1.81	0.32	-0.84	-0.45	-1.07	0.02	-0.14	1.73	1.96	1.49	-0.69	0.66	-1.16	-1.66	-1.96	-2.02	0.10	2.17	1.35	1.85	2.93	2.57	1.90	-1.77	-0.26	0.66	1.13	-0.18	-0.39	-1.11	0.88	-0.56	-2.27	-1.90	0.33	1.31	-1.57	-1.77	-1.05	0.78	1.77	1.77	1.73
Sample_79	-0.49	-0.61	-0.07	-0.05	-0.59	-1.01	-0.93	-0.83	-0.45	-0.57	-0.63	-0.76	-0.87	-0.07	0.83	-0.84	-1.51	-0.97	-0.97	0.12	-0.24	0.78	0.98	-0.87	-0.01	-1.46	-1.11	-0.37	-0.94	0.03	0.00	0.53	-0.96	-0.22	0.25	1.27	0.07	-0.11	1.16	-0.25	0.66	-0.75	0.75	-0.60	1.01	0.72	-0.48	-0.13	0.02	-0.43	-1.08	-1.33	-1.23	-0.11	-0.64	-0.37	-1.63
Sample_80	-1.49	-1.90	-2.09	-2.57	-1.49	0.59	0.01	-0.38	-0.20	-0.14	-0.16	-0.22	1.02	-0.40	-0.14	-1.90	-0.22	-0.32	-2.17	-0.09	-0.19	1.57	1.05	-2.17	-1.90	-1.63	-1.25	0.11	0.81	-0.85	-0.34	-0.67	1.96	-1.69	1.77	2.27	1.27	-2.02	-1.02	0.35	0.58	0.09	-0.16	-1.01	0.70	-1.15	-1.10	-0.70	1.00	-0.32	0.00	-2.02	-0.58	-0.09	0.09	-0.29	-1.04
Sample_81	2.27	1.07	0.27	-0.94	-1.69	0.52	-0.20	0.73	0.89	0.74	0.93	1.21	0.93	0.85	-0.24	-0.63	0.55	0.29	0.16	0.78	1.05	-0.90	1.51	1.57	0.55	-0.25	1.90	0.66	0.08	0.57	0.19	-0.35	1.39	1.37	-0.61	0.00	1.00	-1.20	-0.05	1.29	0.33	0.35	-0.06	0.56	-1.49	-0.50	0.59	1.66	1.96	-0.36	-1.90	-1.02	0.50	-0.97	-0.36	0.56	1.18
Sample_82	-1.81	-1.44	-1.63	-1.07	-0.80	-0.40	0.17	-0.49	-0.58	-0.60	-0.43	-0.29	-0.94	-0.58	0.09	-1.77	-0.53	-0.29	-0.90	-0.45	-0.04	0.23	-0.23	-1.08	-0.85	0.40	-0.70	-0.07	0.78	-0.74	-0.07	-0.88	0.60	0.57	-0.96	0.40	-0.42	-1.69	0.27	-0.19	-0.53	-1.46	-0.38	-0.22	-1.04	0.21	-0.35	-1.85	0.16	-0.23	-1.46	-0.21	-0.39	1.35	-0.37	1.35	-0.20
Sample_83	0.04	-1.54	-1.29	-0.75	1.05	-0.19	0.98	-2.27	-2.57	-2.39	-2.39	-1.41	0.87	-2.27	1.33	-1.18	-2.57	-2.57	0.88	-2.27	-1.27	0.24	0.16	0.55	0.88	-0.64	0.69	0.33	-0.32	-0.81	0.60	-0.52	-0.05	0.64	-1.01	-0.81	0.64	-0.61	-0.30	0.49	0.24	-1.81	-0.02	1.44	0.62	-0.12	0.17	-0.62	-2.17	-1.04	-0.70	-0.18	-1.51	0.29	0.58	0.65	-0.71
Sample_84	2.17	-0.18	-0.39	-0.87	0.62	-0.37	1.81	0.22	-0.05	0.19	0.41	0.30	0.31	-0.18	-1.05	0.46	0.52	0.19	-0.26	-0.41	0.31	0.13	0.15	-0.22	0.15	0.74	-1.69	0.35	-0.31	1.41	0.63	0.59	1.00	-0.32	0.52	-0.27	0.78	0.97	0.69	0.70	0.48	-1.04	0.10	-1.37	-0.85	-0.09	-0.50	0.63	-0.24	-0.29	1.51	-0.07	0.61	0.13	-0.68	-1.27	-0.63
Sample_85	0.62	-0.72	-0.10	-0.34	0.90	-0.54	0.70	-0.89	-1.18	-0.49	-0.64	-0.70	-0.63	-0.85	1.15	-1.16	-0.66	-1.00	0.53	-1.00	-0.46	-0.39	0.57	0.25	1.51	0.52	-0.06	0.69	-0.10	0.81	0.58	-0.83	-0.02	0.88	-0.49	0.44	1.57	-0.67	0.96	0.07	0.70	-0.92	2.02	0.90	-0.53	2.27	0.53	0.78	-0.73	-0.61	0.65	0.70	-0.51	0.84	1.44	0.15	0.93
Sample_86	1.18	-1.02	-0.84	-0.80	-0.00	-0.35	0.58	-0.47	-0.77	-0.52	-0.54	-0.60	0.54	-0.64	-0.11	-0.76	-0.12	-0.22	-0.31	-0.57	-0.37	0.01	-0.83	1.77	1.29	1.41	-0.05	-0.98	-1.01	-0.25	-0.01	-1.54	-0.94	-0.24	-0.60	1.07	1.29	-0.47	0.85	0.06	0.71	-1.07	1.23	-0.63	-1.54	1.85	-0.54	-0.73	-1.01	0.69	-0.82	-0.94	-0.05	-1.41	-0.35	-0.20	0.10
Sample_87	-0.09	0.02	0.32	0.94	0.29	1.23	1.16	0.11	0.08	0.00	0.04	-0.04	-0.72	0.15	0.30	-0.32	-0.29	0.03	0.98	-0.08	-0.17	-0.77	-1.16	-1.49	-0.21	-1.13	1.25	0.08	-0.39	0.10	1.20	-1.85	-0.28	-0.52	1.41	0.29	-1.33	-0.30	0.04	-0.37	-0.80	-0.32	0.25	2.09	-1.07	1.18	0.03	1.20	0.52	-0.28	0.84	0.75	-0.11	0.49	-1.33	0.09	-0.52
Sample_88	-0.40	1.49	1.07	0.23	-1.66	0.25	0.46	1.31	1.69	1.15	1.02	0.74	-0.19	1.35	-1.33	-0.00	0.90	0.73	1.07	1.08	0.40	0.28	-0.92	-0.61	-1.20	-1.08	0.64	-1.16	0.21	-2.93	-1.85	-1.46	-1.23	0.30	-0.98	-0.40	1.35	-0.96	-0.08	-0.43	-1.90	-0.56	-1.63	0.29	-1.00	-0.82	0.14	-0.37	1.77	-0.97	-0.96	-0.16	0.46	0.63	-0.40	1.18	-0.40
Sample_89	0.33	-1.29	-1.85	-1.85	0.37	0.93	1.46	-0.44	-0.67	-0.20	-0.45	-0.00	-1.07	-0.53	-0.04	-0.40	0.16	-0.46	-0.24	-0.52	-0.16	0.34	0.62	-0.74	0.40	-1.15	-1.41	-0.32	0.14	-0.47	0.47	-1.41	-0.37	-0.72	-1.59	-0.60	-0.29	-0.48	-0.00	-0.11	0.74	-1.96	-0.43	-0.45	0.84	0.29	0.77	-1.07	-1.81	0.24	-0.89	0.62	-0.10	-0.03	1.13	0.51	-0.73
Sample_90	-1.20	-1.59	-1.33	-1.29	-1.27	-2.17	-1.25	-0.21	-0.61	-1.69	-2.93	-2.57	1.81	-0.69	-0.69	-1.46	0.06	-0.42	-0.35	-0.43	-2.93	-0.22	-0.43	0.83	1.31	0.15	-0.20	1.81	-0.34	-0.65	0.29	0.12	0.49	-0.25	-1.37	0.64	0.85	-0.51	-0.58	1.02	-0.27	0.32	0.08	-1.77	-1.02	0.28	0.80	-0.81	-1.49	0.27	-1.73	-1.81	0.37	1.63	0.00	-0.22	-0.12
Sample_91	0.06	1.96	1.59	0.67	-0.75	-1.35	-0.89	0.55	0.82	0.29	0.25	-0.17	2.93	0.50	1.54	-0.01	0.61	0.77	0.09	0.62	-0.37	-1.96	0.22	-0.02	0.06	0.00	0.24	-0.09	-1.37	0.29	0.39	0.28	-0.03	0.14	0.45	-0.55	2.93	0.18	-0.65	0.05	-0.05	-1.51	-0.07	-0.05	-2.27	0.44	-0.61	0.80	2.27	0.44	-0.03	-0.58	0.72	0.05	-1.69	-0.41	-0.53
Sample_92	1.46	0.15	0.56	0.46	1.66	1.37	2.57	-0.74	-1.11	-0.08	0.26	0.72	0.05	-1.15	0.73	0.13	-0.80	-0.56	0.44	-1.69	0.67	-1.90	-0.64	0.97	0.49	-0.14	0.10	-0.63	-0.38	-0.82	-0.40	-0.05	0.98	0.58	-1.08	0.34	-0.21	-0.88	0.67	0.76	0.11	-0.05	0.12	0.16	-0.24	0.55	-0.22	0.57	-1.27	-0.54	0.69	0.96	-0.73	-0.15	-0.50	-1.33	0.45
Sample_93	-0.19	0.30	-0.24	-0.41	-0.41	-0.13	0.04	0.29	0.63	0.43	-0.32	-1.04	0.16	0.49	-0.33	-0.56	0.28	0.69	-0.11	0.96	-0.77	-1.85	-0.60	0.53	0.92	0.03	-1.05	0.55	-0.73	-0.03	0.37	-1.90	-0.67	-0.41	1.05	-0.45	0.73	-0.02	0.70	-0.27	2.09	0.11	2.39	-0.27	-1.73	1.41	0.16	0.45	1.57	0.12	0.37	2.39	-0.23	-1.44	0.16	0.29	-0.05
Sample_94	1.69	0.20	-0.04	-0.31	1.81	0.67	1.85	-0.35	-0.60	-0.44	-0.44	-0.13	-0.25	-0.90	0.46	1.73	0.17	0.20	0.23	-0.97	-0.43	0.06	0.70	-0.37	-0.24	1.18	-1.85	-0.35	0.38	1.37	0.88	-0.33	-0.11	-0.56	-0.36	-0.41	0.34	0.48	-2.93	2.27	-1.10	-1.44	-1.85	-0.37	-0.94	-2.27	-1.02	0.90	-0.66	2.17	1.85	2.27	0.51	-0.73	0.02	0.23	-0.83
Sample_95	0.47	0.44	-0.27	-0.21	1.59	0.44	1.39	-1.46	-1.39	-1.02	-0.93	-0.35	-0.43	-1.57	2.39	-0.33	-2.02	-1.31	-0.05	-1.41	-0.41	-1.59	0.21	2.09	1.27	0.55	-0.13	0.71	-0.25	0.74	2.02	0.01	-0.72	0.17	-0.97	-1.15	-0.38	0.47	-1.04	1.77	-0.08	0.92	0.19	-0.42	-0.32	-0.37	0.32	0.74	0.04	0.31	0.25	-0.27	-0.56	0.32	-0.25	-0.71	0.35
Sample_96	1.31	-1.13	-1.49	-2.39	-1.13	-0.31	0.57	-0.58	-0.82	-1.04	-0.70	-0.58	1.07	-0.65	-1.01	-1.15	-0.85	-0.83	-0.56	-0.33	-0.71	-0.82	0.81	0.10	0.21	-0.57	0.76	-0.15	-0.20	1.21	1.23	-1.01	-1.02	-0.75	0.46	-0.05	0.37	0.92	1.01	1.18	1.81	0.25	1.63	0.47	-0.98	0.93	0.37	0.21	-0.81	-0.73	-0.12	0.07	-0.60	-1.18	-1.59	-0.85	-0.90
Sample_97	1.00	1.39	1.25	1.10	-0.40	-0.16	0.11	0.82	0.78	0.38	0.50	0.50	0.62	0.51	0.96	1.37	0.75	0.67	1.10	-0.18	0.11	1.11	-0.42	0.17	-0.29	0.19	-1.35	0.51	-1.13	0.17	-0.32	-0.07	2.93	0.40	-0.94	0.21	-1.00	-0.90	-0.27	-0.21	0.75	-0.76	0.67	0.69	-1.37	0.77	-0.23	1.73	1.49	-0.09	0.56	-0.57	0.80	1.54	1.00	-0.11	0.59
Sample_98	0.97	-0.82	-0.92	-0.96	0.24	0.03	0.65	-0.06	-0.10	0.37	1.35	1.27	-0.64	-0.24	-1.85	-0.14	0.00	0.41	0.05	-0.19	1.27	-1.21	-0.41	-1.07	-1.31	1.02	1.16	0.23	-0.21	0.38	0.81	-0.45	0.81	-1.37	-0.41	-1.96	-0.12	-0.72	0.05	0.26	-0.36	-1.01	-0.09	-0.15	-1.29	-0.10	-0.40	0.07	0.06	-0.38	0.13	1.85	0.14	-0.30	-2.27	-1.31	-1.37
Sample_99	0.71	-2.17	-1.96	-1.20	-0.11	0.21	-0.77	-0.94	-0.57	0.22	0.27	0.57	-1.41	-0.73	-0.70	-1.04	-0.44	-0.60	-0.20	-0.35	0.80	0.27	0.29	0.58	-0.06	0.11	0.21	-0.77	0.80	-0.23	0.76	0.57	-0.59	-0.87	-0.81	1.29	-0.49	-0.85	1.39	0.04	1.00	-0.16	0.89	0.52	-0.03	2.57	0.40	-0.42	0.08	0.10	-1.37	-0.33	-0.90	-0.27	0.66	-0.87	0.26
Sample_100	-0.29	0.36	0.13	0.65	1.44	1.73	2.27	-0.31	0.09	0.73	0.78	0.63	0.64	0.11	-0.01	0.96	-0.00	0.10	0.94	-0.05	0.84	-2.02	-1.05	0.47	-0.40	0.08	1.96	0.34	-0.48	0.37	0.03	-0.38	-1.00	-1.16	0.11	1.18	1.23	0.29	1.10	0.87	-0.43	-0.61	0.92	0.39	0.30	0.64	0.28	0.49	-0.45	1.33	1.90	1.21	-0.13	-0.29	-0.66	-0.32	0.38
Sample_101	-0.36	-0.45	0.23	-0.14	-0.05	-1.21	0.05	-0.62	-0.80	-1.66	-2.57	-2.39	-1.59	-0.70	1.08	0.37	-1.27	-0.69	-0.57	-0.73	-2.17	0.49	0.11	0.43	1.66	-0.05	-2.09	-0.90	-0.05	0.07	0.20	0.16	-1.01	0.82	-0.52	-0.38	-0.28	0.40	1.35	-2.39	1.25	-2.02	0.51	-0.49	-0.15	0.78	-0.13	-0.87	-0.96	1.96	-0.30	-1.57	-1.69	0.75	-0.57	-1.46	-0.38
Sample_102	0.35	0.48	0.93	0.32	-0.71	-0.06	-0.84	1.54	1.37	1.05	1.10	1.11	-0.34	1.54	-1.18	0.63	1.39	1.69	1.35	2.57	0.57	0.82	0.93	0.60	-0.03	1.10	0.44	0.30	-1.10	0.14	-0.53	-0.11	0.27	-0.84	0.37	-0.24	0.58	1.35	-0.46	-1.44	0.29	-0.17	-0.58	0.51	0.42	-0.30	1.85	-0.19	0.38	0.39	0.42	0.63	1.27	1.16	0.67	-0.17	0.29
Sample_103	-0.60	0.92	0.48	1.90	-0.55	-0.94	-1.15	0.84	1.25	0.96	0.36	0.27	2.27	1.27	-0.30	-0.96	0.51	0.92	1.20	1.85	0.38	-1.31	-1.44	-0.58	-1.46	-1.07	0.98	1.05	-0.96	-0.16	-0.16	-1.05	0.40	-0.46	-1.77	-2.39	-0.37	-1.16	-0.53	0.58	-1.31	0.29	-1.07	0.55	-0.50	-1.07	1.05	-0.48	1.63	-1.07	-1.00	-0.44	0.32	-0.42	-0.89	-0.18	0.53
Sample_104	-0.98	-0.44	-0.37	-0.10	-1.39	-0.16	-0.55	0.28	0.49	0.52	0.44	0.39	-0.42	0.30	-1.10	-0.45	0.49	0.21	0.12	0.56	0.42	-0.13	-0.34	0.49	-0.70	0.34	-0.41	0.37	-0.07	0.00	-1.77	-0.06	1.08	-0.11	-1.18	0.80	-0.47	-0.41	0.00	0.50	-1.46	0.46	-0.15	0.03	-0.87	-0.53	0.75	-0.97	0.14	-0.98	-0.25	0.93	-0.14	0.16	1.46	1.63	1.63
Sample_105	0.34	-0.09	0.29	-0.50	0.53	-1.05	0.77	0.17	-0.44	-0.63	-1.59	-2.09	-2.57	-0.56	0.55	-0.94	0.83	0.28	0.51	-0.22	-2.57	1.31	-0.05	-0.75	0.45	-0.21	-1.57	0.94	0.11	0.37	-0.45	-1.29	0.45	-1.27	-0.28	-0.98	-1.05	1.20	-0.11	-1.05	1.29	-0.22	-0.17	-0.29	0.63	-0.25	-0.04	-0.41	-1.13	0.62	-0.37	0.60	1.69	1.41	-0.22	0.40	0.42
Sample_106	-0.55	-0.34	-0.37	-0.44	-1.35	0.16	0.47	0.78	0.73	0.64	0.34	0.05	-1.44	0.74	-0.07	-1.33	0.44	1.41	0.06	0.98	0.05	-0.61	-0.85	0.21	-0.16	1.20	1.01	0.47	0.49	-0.54	-0.92	-0.53	-1.51	-0.65	0.85	-0.85	-1.77	-0.19	1.20	-0.22	-0.60	-1.41	0.98	-0.55	-0.89	1.66	0.76	-0.32	-0.09	-1.31	-1.35	1.13	0.73	-0.01	-0.29	-1.51	-1.18
Sample_107	0.75	0.85	0.87	0.60	0.82	0.33	1.25	1.02	0.45	-0.11	-0.81	-1.08	-1.85	0.11	1.00	1.13	1.18	1.46	0.54	-0.11	-1.59	-0.16	0.61	-0.78	-0.13	0.96	-1.77	1.10	0.90	0.29	-0.72	0.31	1.05	0.29	0.71	-1.07	0.30	0.51	0.02	-1.66	-0.82	0.73	-0.93	-0.78	-0.66	-0.05	0.47	-0.22	0.66	0.81	0.10	0.52	1.81	0.97	-0.96	-0.47	-0.15
Sample_108	1.13	0.87	0.66	0.62	0.02	0.80	0.22	1.29	1.31	1.39	1.27	1.02	-0.93	1.07	0.06	0.75	1.27	0.87	-1.51	1.25	0.87	0.37	-0.33	0.56	-1.00	-1.81	0.56	0.11	0.62	0.02	-2.39	0.49	0.36	-0.16	-0.49	-0.16	-0.52	0.11	-0.32	-1.00	0.40	-1.29	-0.90	-0.90	-1.21	-0.63	0.41	1.35	0.05	-0.58	-0.56	-0.41	0.66	0.21	-0.06	0.04	0.56
Sample_109	0.16	1.18	1.49	2.09	0.14	0.65	-0.83	1.59	1.66	2.02	2.17	1.77	-0.71	1.85	-0.41	0.34	1.69	1.57	-0.43	1.02	1.57	0.10	-0.11	-0.09	0.00	-0.01	1.63	-0.42	0.52	-1.66	-1.90	0.84	-0.08	0.46	0.12	0.49	0.11	0.22	0.87	-1.35	0.52	-0.40	-0.88	-0.01	-0.71	-0.04	2.17	0.81	-0.59	0.22	0.36	1.25	0.29	2.57	-0.03	-0.89	1.49
Sample_110	-1.63	0.67	0.57	1.21	-0.43	-0.09	-1.90	1.63	1.59	0.81	-0.02	-0.66	-2.27	1.46	-0.85	0.94	1.10	1.90	-1.35	2.17	-1.16	1.00	-0.04	-1.11	-1.41	-0.81	-0.18	0.52	0.56	-0.05	-0.58	-0.21	0.85	-0.08	-0.88	-1.85	-0.81	-0.45	0.48	-0.44	-0.23	-0.89	1.16	-0.12	-1.11	0.42	1.46	-1.81	0.31	0.47	-0.48	0.48	1.08	-1.77	0.33	-1.41	-0.84
Sample_111	0.73	1.10	1.05	1.37	0.51	0.85	-0.49	0.83	1.35	1.96	1.57	1.37	0.13	1.41	-0.75	0.76	1.77	1.18	1.16	1.10	1.29	1.15	-0.72	0.37	-0.52	-0.60	0.04	1.25	0.82	0.73	-0.63	1.04	-0.48	1.81	-0.66	-1.73	0.22	-0.07	0.34	-1.54	-0.28	1.41	-0.92	0.53	-0.31	0.31	0.56	0.30	0.63	1.04	0.83	0.81	0.22	0.07	-0.02	0.31	1.01
Sample_112	-0.65	-0.29	-0.59	-1.33	0.11	1.11	0.08	0.43	0.71	0.46	0.60	0.78	0.78	1.02	-0.62	-0.55	-0.22	0.39	0.87	1.16	0.96	-0.70	-0.52	-0.92	0.81	-1.11	0.66	0.09	1.27	-0.70	-0.05	-0.37	-0.62	-0.31	0.24	-0.03	0.38	0.36	-0.72	-0.96	-0.49	1.49	0.11	0.50	0.49	-0.03	0.90	-0.85	-0.31	-0.25	-0.84	0.73	-0.48	1.23	0.53	0.11	1.02
Sample_113	-0.15	-0.07	-0.50	-0.49	-0.39	-1.13	-1.01	-0.54	-0.75	-1.25	-1.39	-0.77	-0.11	-0.71	-0.22	0.01	-0.56	-1.81	-0.77	-0.39	-0.66	1.27	-0.10	-2.27	-1.85	-2.93	-0.96	-0.87	0.27	-0.22	-0.29	1.77	-0.09	1.11	-0.06	0.89	-1.23	-0.05	-0.21	-1.27	-1.63	0.97	-1.73	-0.25	0.29	-0.39	-1.77	-0.53	-0.17	0.83	1.16	-0.34	-0.96	0.98	0.04	0.81	0.77
Sample_114	0.82	-0.37	-0.53	0.96	-0.81	-0.51	0.06	0.65	1.18	1.59	0.98	1.01	0.92	0.92	-1.41	-0.22	0.78	0.70	0.35	1.21	0.85	0.96	2.02	-1.44	-1.02	-1.54	0.17	-0.93	0.30	-0.50	-1.13	0.85	-0.69	-0.21	0.66	0.70	0.66	1.90	-0.18	-0.80	0.02	0.49	-0.47	-0.30	-0.09	-0.32	0.11	1.08	1.39	0.26	-0.02	-0.17	-0.16	2.93	0.63	0.22	0.78
Sample_115	1.29	-0.56	-1.01	-1.59	-0.78	0.78	1.29	1.08	1.46	2.09	1.59	1.54	1.46	1.59	-2.02	-0.82	1.02	1.25	1.02	2.27	1.59	0.66	0.26	0.05	-0.82	-0.39	0.35	0.04	0.05	-0.56	-1.05	-0.80	-1.85	0.89	-1.31	0.18	-1.46	-1.54	-0.07	0.42	0.76	0.15	0.32	0.23	-0.78	-0.47	1.59	0.89	-0.41	-0.81	-0.29	0.78	0.29	1.15	0.80	0.53	1.35
Sample_116	-0.22	-0.90	-1.46	-1.54	0.48	0.72	1.02	-1.11	-1.46	-1.77	-1.96	-1.20	1.18	-1.59	0.53	-0.58	-1.69	-0.65	0.43	-1.73	-1.20	-0.09	0.88	1.37	0.64	1.44	-0.04	-0.52	-0.18	-0.73	-0.93	0.71	-0.34	-0.92	0.60	-1.01	-1.25	1.44	-0.33	-1.02	-1.41	0.01	-0.35	0.70	1.39	-0.65	-0.44	-1.08	-1.51	1.01	0.58	1.41	-0.24	-0.96	0.70	0.78	1.13
Sample_117	0.57	1.73	2.93	1.44	-1.51	0.56	0.53	2.93	2.17	1.66	1.96	1.29	1.33	2.57	-1.63	2.09	2.39	2.93	2.09	0.72	0.29	0.73	-1.90	-0.22	-0.78	2.27	1.31	-0.22	0.22	-1.81	-1.49	0.02	1.54	0.80	1.02	1.11	1.66	-0.55	-1.73	-1.33	-1.20	-0.82	-1.90	-0.34	-2.09	-1.16	1.51	-1.31	-0.76	-0.74	-0.97	1.81	2.27	0.18	0.28	-1.21	0.65
Sample_118	1.01	1.04	0.69	0.40	-1.57	-0.11	0.52	1.69	1.44	1.10	1.13	0.94	0.22	1.37	-0.39	0.27	1.20	1.77	-0.28	1.73	0.83	-1.57	-0.35	-0.26	-1.04	-0.96	-0.48	0.28	1.11	-1.51	-0.89	-0.32	-0.42	1.05	0.56	0.73	-0.97	-1.96	0.45	-0.74	0.61	1.27	0.69	-0.56	0.29	1.04	1.39	0.25	1.16	-0.33	-0.61	-0.26	1.37	-0.61	0.19	0.22	0.52
Sample_119	1.96	-2.09	-2.27	-0.90	0.84	-0.15	1.10	-2.09	-1.57	0.02	0.29	0.80	-0.16	-1.77	-1.44	-1.66	-1.96	-1.57	-0.78	-1.04	1.54	-2.39	-0.24	-0.16	-0.83	-1.20	-0.34	-0.11	0.57	0.61	0.70	-1.59	-0.54	0.87	0.32	0.05	0.47	0.66	1.11	0.64	2.93	0.33	1.66	-1.02	-0.72	1.29	-1.29	0.34	-0.22	0.48	0.19	-0.89	-2.17	-0.35	-0.83	-1.66	-0.09
Sample_120	-0.63	0.28	0.31	-0.07	0.32	0.45	0.67	-0.82	-1.27	-1.00	-0.90	-0.81	0.07	-1.46	1.85	-0.08	-1.00	-0.74	0.82	-1.16	-0.52	0.16	-1.25	-0.46	0.23	-0.03	0.57	0.40	0.31	0.75	0.84	0.21	1.57	1.18	0.44	0.37	-0.69	-0.20	-0.43	0.54	0.36	1.21	1.00	0.09	-0.16	2.17	-1.39	-1.33	-0.57	0.50	0.44	-0.61	-0.22	0.27	0.78	0.50	-0.26
Sample_121	0.87	2.39	2.02	1.85	1.04	0.58	1.57	0.13	-0.42	-0.53	0.07	0.46	0.27	-1.16	2.27	2.27	0.37	-0.52	1.46	-1.33	0.22	-0.43	2.09	-0.49	0.08	-2.17	0.11	-0.39	0.25	2.93	-1.59	0.76	-0.39	2.17	0.06	-0.26	0.09	1.29	1.08	-1.31	0.93	2.39	0.45	0.74	0.58	2.09	0.07	0.77	-0.37	1.18	1.96	-1.39	1.35	2.39	1.10	0.69	0.80
Sample_122	0.81	0.07	-0.00	-0.78	-1.81	-1.07	-0.80	-0.40	-0.18	-0.05	-0.04	0.05	0.90	-0.29	-0.82	-0.74	0.13	-0.58	0.75	0.11	0.07	0.41	-0.54	-1.23	-0.81	0.71	0.51	-0.05	-0.47	1.29	0.44	0.44	0.32	0.22	1.23	0.92	0.21	0.54	-0.37	-1.37	0.80	0.58	0.39	0.21	0.19	0.37	-1.69	0.00	0.82	0.52	-1.85	-1.63	-0.29	0.88	-0.70	-0.24	0.55
Sample_123	1.77	0.22	0.28	0.87	-1.10	0.46	0.83	1.39	1.07	0.84	0.94	1.00	0.37	0.89	-0.71	0.80	0.74	1.07	1.23	1.31	0.97	-0.78	-0.47	0.85	-0.14	0.22	0.29	0.73	-1.07	-0.96	-0.73	-0.55	0.90	0.23	0.05	0.05	-0.22	-0.17	0.39	0.00	0.27	0.87	0.74	-0.93	-0.61	0.83	1.29	0.88	1.54	-1.63	-1.29	-0.90	0.98	-0.37	0.96	-0.31	0.66
Sample_124	0.40	0.53	0.78	1.33	-0.89	1.35	1.27	2.17	1.77	0.94	0.38	0.10	0.15	1.51	-0.83	0.35	1.85	2.17	1.77	0.63	-0.93	1.51	-0.90	-0.45	-0.19	0.97	0.06	0.29	0.42	-1.08	-0.82	0.36	0.59	0.00	-1.41	-1.02	0.19	-0.59	-1.37	-0.01	-1.21	-0.74	-0.74	1.02	-0.20	-1.18	1.25	0.75	0.74	-0.57	0.64	0.40	2.17	0.85	-0.18	-0.09	0.11
Sample_125	-0.67	-1.04	-1.39	-0.70	-0.92	0.96	0.81	0.12	0.46	0.13	0.54	0.83	1.05	0.39	0.07	-1.11	-0.82	-0.13	1.51	1.13	1.08	1.29	0.59	0.36	-0.63	0.57	0.63	1.54	0.71	-0.02	0.05	0.41	-0.36	-0.83	0.83	0.30	-1.13	1.21	-0.06	0.52	-0.16	-0.78	-0.66	1.96	-1.15	0.60	1.18	0.53	0.12	-0.90	-0.73	-0.40	-0.37	0.22	-0.12	-1.00	0.19
Sample_126	1.57	-1.20	-1.07	-1.00	0.54	1.13	1.66	-2.93	-2.93	-1.31	0.82	1.85	0.57	-2.93	-0.27	0.64	-2.39	-2.27	0.39	-2.93	1.90	0.18	-0.20	0.89	-0.64	0.76	-0.52	-0.97	1.39	0.06	0.55	1.73	0.65	0.49	1.15	-0.84	0.52	-0.03	2.17	-0.46	1.01	-1.13	1.35	-1.00	0.28	1.77	-0.77	0.04	0.46	0.75	0.59	-0.87	-1.00	-1.10	-1.08	0.05	-0.72
Sample_127	0.18	-0.74	-0.20	-0.61	1.49	1.07	1.77	-1.15	-1.69	-0.98	-0.74	-0.26	0.01	-1.90	0.72	-0.67	-0.65	-0.88	1.04	-1.66	-0.08	-0.11	-0.45	0.67	1.33	0.72	-0.54	-0.69	0.00	1.54	0.90	-0.46	-0.25	-0.67	-1.90	0.35	-0.61	-0.76	-0.74	-0.39	0.43	1.77	0.97	0.97	-0.75	0.17	-0.75	-0.36	-0.04	0.97	0.60	0.97	-0.43	-0.08	0.35	1.39	1.15
Sample_128	0.11	-0.15	0.64	0.21	0.00	-0.01	1.35	0.04	0.17	0.67	1.63	1.63	1.08	-0.04	-1.77	0.48	0.69	0.35	0.67	0.26	1.81	0.38	0.25	-0.85	0.24	-0.33	2.93	1.66	-0.64	0.69	1.96	0.27	0.82	0.43	0.40	-0.96	-0.60	-0.16	0.28	-1.41	-1.39	0.84	-0.98	-1.08	-0.14	0.16	1.96	-0.35	0.20	1.10	1.31	0.46	0.12	0.36	-0.22	-0.94	-1.02
Sample_129	0.56	2.02	2.17	1.77	-1.59	-0.27	0.82	2.27	2.93	2.57	2.02	1.90	0.67	2.93	-2.57	1.29	2.27	2.39	2.57	1.05	1.31	1.90	0.36	0.73	1.01	0.58	1.46	-0.37	-0.11	-1.46	-1.63	2.02	0.37	2.09	-0.55	1.04	-0.56	0.27	-1.16	-0.03	-1.51	2.09	-1.37	1.07	-1.90	-1.69	2.93	0.54	-0.32	0.30	0.96	1.27	0.55	0.93	1.81	-0.14	-0.07
Sample_130	-0.85	-1.63	-1.31	-1.44	-0.57	-1.10	0.25	-1.02	-1.35	-1.20	-1.31	-1.59	0.70	-1.63	0.14	-1.41	-0.32	-1.11	0.61	-1.08	-0.96	-0.76	1.16	1.04	1.54	1.35	-0.60	1.15	2.39	0.49	0.16	0.55	-0.20	-0.94	0.05	0.59	0.88	-1.08	0.52	0.29	1.05	1.13	0.54	1.08	-0.65	0.58	-0.47	-0.92	-1.77	1.20	-0.41	-0.53	-0.28	0.65	0.56	-0.05	0.75
Sample_131	0.74	0.27	0.88	0.92	1.00	-1.27	-0.90	-0.97	-1.01	-0.62	-0.84	-1.11	0.23	-1.27	1.27	0.20	-0.55	-1.25	0.85	-0.93	-1.13	-0.00	-0.02	-0.59	-0.74	-0.22	0.18	1.01	-0.22	2.39	0.97	-0.27	0.38	0.22	0.13	-1.25	-0.32	0.85	0.23	0.24	-0.10	-0.30	-0.70	0.80	2.09	0.41	-0.26	-1.37	-0.26	1.35	0.01	-1.73	-0.82	1.31	-1.25	-1.10	0.22
Sample_132	-0.18	2.93	2.27	1.11	-0.85	-0.87	-0.94	1.85	1.85	0.16	-0.26	-0.37	0.22	1.69	1.96	1.20	0.87	0.80	1.73	1.96	-0.87	-0.46	0.47	-1.35	-0.46	-0.97	-0.01	0.15	-1.35	2.57	-1.20	0.20	-0.78	0.33	0.00	-1.49	0.05	0.94	-0.78	-1.01	-0.44	-0.45	-1.49	-0.08	-1.05	-1.57	0.06	1.10	2.09	0.56	-0.13	-2.57	1.11	2.17	0.07	1.27	0.58
Sample_133	1.11	0.00	-0.58	-0.59	0.73	0.36	0.93	-0.48	-0.64	-0.26	1.08	1.81	-0.29	-1.20	-0.61	0.29	-0.57	-0.36	0.69	-1.05	2.02	-0.66	-0.29	0.80	0.61	1.66	0.93	0.88	0.60	1.20	1.37	-0.02	0.64	1.66	1.96	0.55	0.75	-1.63	-1.59	-0.12	-0.49	1.69	-1.41	0.26	-0.21	-1.08	-0.11	0.72	0.18	0.09	-0.46	-1.37	-0.01	1.01	-0.52	0.27	0.76
Sample_134	0.19	1.37	1.10	0.58	0.70	0.00	-0.16	-0.05	-0.14	-1.85	-2.27	-1.96	0.45	-0.27	1.01	0.45	-0.75	-0.63	0.76	-0.24	-1.85	0.64	-1.41	0.09	1.13	-0.77	-0.85	0.80	1.44	0.59	-0.20	0.52	1.29	0.84	0.81	0.94	-1.08	-1.90	0.05	-0.07	-1.18	2.93	-0.28	-0.20	0.51	-0.18	-1.11	0.03	1.29	0.80	0.88	-0.00	-0.38	1.69	0.72	1.16	0.73
Sample_135	0.50	0.09	0.47	0.17	0.71	0.98	1.69	-0.19	0.19	0.24	-0.25	-0.11	-0.35	0.42	-1.00	0.09	-0.28	0.06	1.59	0.51	0.12	-1.46	-0.48	-0.28	0.59	1.25	-0.75	0.54	0.63	0.92	0.93	1.90	1.73	-0.76	2.27	2.39	2.57	-1.29	-1.69	-2.09	-2.39	0.41	-2.93	1.66	-0.46	-1.96	-1.25	0.56	-0.35	0.71	1.63	0.45	-0.85	1.07	0.88	-0.26	0.13
Sample_136	-0.33	1.05	0.67	0.97	0.13	-0.07	0.40	0.59	0.48	0.30	0.49	0.69	-0.22	0.37	-0.37	0.88	0.25	0.49	1.49	0.43	0.61	-0.73	-2.17	-0.10	1.02	-0.37	1.27	1.35	0.39	-0.77	-0.04	0.51	0.48	0.05	-0.32	0.11	0.20	-1.23	2.02	0.38	2.27	0.36	1.85	0.31	0.18	2.93	-0.31	0.67	-0.51	0.77	0.98	-0.98	0.57	1.05	-0.29	0.37	-0.48
Sample_137	0.29	0.54	0.00	-0.72	1.25	0.07	1.11	-0.93	-0.62	-0.36	-0.78	-1.05	0.53	-0.59	1.02	0.55	-1.02	-0.73	1.54	-0.61	-0.58	-0.49	-0.82	-0.24	1.73	-0.80	-1.01	-0.48	-0.27	-0.14	-0.08	1.11	0.88	0.29	2.02	0.71	0.16	-0.24	0.81	-1.15	0.42	-0.14	0.27	-1.13	0.49	0.10	-1.85	1.57	-1.90	1.59	1.02	-0.59	-0.94	0.83	-0.42	-1.16	-0.14
Sample_138	-0.35	-0.93	-0.87	-2.17	-0.37	1.69	1.41	-1.63	-1.66	-0.71	-0.28	0.00	-0.75	-1.49	0.44	-1.63	-1.10	-1.39	0.83	-1.27	0.22	0.76	0.19	0.52	0.85	1.05	0.09	-0.04	0.64	0.65	0.89	0.08	1.10	-0.15	-0.27	-1.81	-0.15	0.88	-0.16	0.34	-1.05	-0.59	-0.00	1.81	0.94	-0.00	-0.16	-1.05	-0.47	0.87	-0.44	1.10	-1.08	-0.49	-0.63	-1.18	-1.33
Sample_139	-0.44	-1.69	-0.88	-0.56	0.64	0.12	0.87	-0.90	-1.15	-0.31	-0.58	-0.54	-1.33	-0.80	1.29	-1.21	-0.14	-1.10	0.96	-0.62	-0.44	-1.15	1.85	0.33	0.13	0.09	-1.33	1.33	1.02	1.85	1.33	0.45	0.22	-1.31	-0.71	-0.70	0.70	1.16	0.26	-0.09	0.63	1.16	-0.18	0.44	-1.31	0.51	0.20	-0.05	-0.97	0.64	-0.20	-0.76	-0.61	0.96	1.02	0.39	0.28
Sample_140	-0.08	-0.97	-0.46	-0.62	0.22	0.61	1.23	-1.73	-0.89	-0.55	-0.96	-0.65	0.25	-0.33	0.38	-0.20	-1.29	-1.08	0.80	-0.12	-0.69	-0.32	1.90	1.63	2.39	-0.59	-0.92	-0.36	-0.19	0.05	0.85	1.27	-0.04	-1.77	0.33	-1.77	-0.98	1.81	0.21	0.23	2.02	1.44	2.27	1.51	0.11	-0.55	-0.51	0.37	-0.74	2.93	0.92	0.82	-1.81	-0.74	-0.85	-0.84	-0.94
Sample_141	1.16	0.24	1.16	0.35	0.69	0.47	1.54	-0.46	-1.54	-0.70	-1.20	-0.74	-0.97	-0.66	1.31	-0.28	-0.16	-0.15	1.69	-0.81	-0.89	0.69	0.89	0.22	0.83	0.05	-0.38	0.13	0.93	0.31	0.62	1.46	0.83	0.75	1.00	-0.10	-0.05	1.13	0.54	0.48	0.96	2.57	0.14	0.83	1.29	0.29	-0.80	-0.14	-1.25	1.73	0.85	-0.14	-0.46	-0.63	-0.11	-0.92	1.05
Sample_142	-0.77	-0.13	-0.74	-0.12	0.89	1.21	-0.39	0.64	0.85	1.31	0.64	0.01	-0.31	0.97	-1.46	0.60	0.93	0.84	2.27	1.07	0.02	-0.97	-1.54	-1.33	-0.34	-1.41	0.41	0.82	-0.81	0.46	1.59	-0.72	-0.56	-1.21	-1.54	0.76	0.24	0.02	-0.88	0.73	-0.76	1.59	-1.10	0.38	-0.27	-0.66	-0.22	0.87	-0.23	1.00	-0.32	0.39	0.08	-0.02	0.62	-0.81	0.06
Sample_143	-0.80	0.49	0.36	0.41	1.18	1.25	0.75	-0.04	-0.04	-0.22	-0.05	0.34	1.10	-0.08	0.57	-0.05	-0.37	-0.78	1.21	-0.03	0.63	-1.29	-1.01	0.76	0.22	-0.44	-0.58	-0.27	-0.55	-0.78	-1.21	0.00	-0.14	-1.41	-1.25	-0.29	0.27	-0.63	-0.60	-0.40	-0.12	1.66	-0.54	0.36	-1.23	0.49	0.71	-0.16	-0.33	-0.70	0.23	-0.46	-0.41	0.34	0.89	1.23	1.29
Sample_144	0.31	-0.54	-0.49	-0.08	0.07	0.43	-0.98	-0.25	0.30	1.54	1.23	0.48	0.17	0.60	-0.81	-1.01	0.48	0.25	0.56	0.66	0.66	-0.45	0.16	-0.65	-0.16	-0.55	0.22	1.39	0.65	1.16	-0.17	-0.10	1.90	0.25	-0.08	0.10	-0.40	0.72	0.38	-0.51	-1.11	1.35	-0.30	-0.29	-0.04	0.22	-0.49	0.83	-0.82	0.11	-1.31	-0.73	-1.04	0.05	0.17	0.92	2.57
Sample_145	-1.59	0.74	0.76	1.49	0.97	1.31	1.90	0.62	1.10	1.21	0.28	0.23	1.23	1.31	-0.09	0.74	-0.19	0.37	2.93	0.81	0.34	0.02	-0.56	-0.97	-1.27	-1.73	0.49	0.21	-0.40	-0.92	-0.62	1.13	-1.39	-0.03	-1.63	-0.46	-0.67	0.50	-0.97	-0.30	-0.74	-0.22	0.28	1.69	-0.93	0.57	0.63	-0.49	-1.11	-0.64	0.76	-0.25	-1.01	-0.40	0.22	-2.57	-1.73
Sample_146	1.44	-0.22	0.01	0.11	0.56	0.29	0.88	0.49	0.20	0.42	1.39	1.20	0.18	-0.05	-0.94	-0.29	0.76	0.59	0.04	0.16	1.51	0.97	0.69	-0.11	-1.08	0.16	0.29	0.00	0.29	-0.41	-0.69	-0.70	-1.20	-0.85	1.44	-1.63	1.15	-1.81	-0.41	0.60	-0.85	2.02	-0.71	-0.50	-1.66	-0.27	0.67	0.32	-0.80	-0.03	-0.04	-0.37	0.78	0.61	0.57	0.43	-0.13
Sample_147	-1.96	1.31	1.33	1.20	2.09	2.27	2.09	0.58	0.67	0.83	0.43	0.36	0.51	0.61	1.16	1.31	0.29	0.83	1.57	0.65	0.13	-0.71	-0.89	-0.13	0.47	-0.24	0.26	0.84	0.83	0.24	-0.67	0.72	0.49	1.59	0.62	-0.09	-0.41	-0.38	0.17	-0.75	-1.13	0.89	-0.29	1.37	0.31	0.76	-0.38	-0.28	-0.12	-0.06	2.09	1.96	-0.03	-0.82	-0.21	-0.48	-0.97
Sample_148	0.30	1.41	1.00	-0.03	-0.87	-0.76	0.22	-1.51	-1.23	-0.73	-0.49	-0.24	0.46	-0.98	1.69	1.15	-1.85	-1.85	1.41	-0.85	0.08	0.00	1.35	0.57	0.72	-0.61	-0.08	-0.11	-0.92	0.64	0.50	0.49	1.59	0.65	-1.15	-1.10	-0.37	-0.81	1.25	-0.26	1.16	-1.08	0.17	1.35	1.23	0.02	0.50	0.05	0.45	1.07	0.11	-1.96	-0.98	0.11	-0.08	0.20	-0.24
Sample_149	1.23	-1.23	-0.90	0.03	0.98	-0.29	0.23	-1.81	-1.77	-0.40	-0.42	-0.61	-0.17	-1.85	0.47	-0.31	-0.74	-1.37	-1.37	-1.46	-0.22	0.67	0.90	-0.12	-0.84	-1.00	-2.39	0.76	1.00	1.11	2.17	0.89	0.50	-1.81	-0.19	-1.08	-0.64	0.96	0.37	-0.94	1.11	0.24	0.13	-0.19	-0.97	0.06	-0.14	-0.77	0.51	1.21	-0.62	-0.64	-1.46	-1.08	-0.34	-0.58	-2.27
Sample_150	-1.33	-0.92	-0.66	0.05	0.42	0.66	0.29	0.66	0.74	1.44	1.33	1.59	0.49	0.46	-0.28	-0.10	0.80	0.98	1.63	0.64	1.49	0.32	-0.84	-1.46	-1.33	0.47	1.39	0.07	0.23	-1.07	-0.21	-0.59	-0.81	1.02	0.01	-0.97	0.32	-0.57	-0.47	-0.87	-1.54	1.25	-1.20	1.31	-0.49	-1.04	1.66	-1.25	0.47	-0.84	-0.24	-0.23	0.67	-0.04	0.34	-0.33	-0.19
