Sample	19:56339220_G_T	6:52189262_C_T	10:84185096_G_A	8:131778235_C_T	6:110760008_A_G	3:78449024_C_T	15:61599171_A_G	9:93620963_G_A	3:105359938_A_G	7:138609983_A_G	10:119612350_C_T	18:71068347_A_G
Sample_15	1.00	1.00	2.00	0.00	1.00	2.00	0.00	0.00	0.00	0.00	2.00	2.00
Sample_145	1.00	2.00	2.00	1.00	0.00	1.00	0.00	1.00	0.00	0.00	2.00	2.00
Sample_6	1.00	2.00	1.00	0.00	2.00	2.00	0.00	1.00	0.00	0.00	2.00	0.00
Sample_5	2.00	1.00	2.00	0.00	1.00	2.00	0.00	1.00	0.00	0.00	2.00	2.00
Sample_92	2.00	1.00	2.00	0.00	1.00	2.00	0.00	1.00	0.00	0.00	2.00	1.00
Sample_150	0.00	2.00	2.00	2.00	1.00	2.00	0.00	1.00	0.00	0.00	2.00	1.00
Sample_90	1.00	2.00	2.00	2.00	2.00	2.00	0.00	0.00	0.00	0.00	1.00	2.00
Sample_16	1.00	1.00	2.00	1.00	2.00	2.00	0.00	1.00	0.00	0.00	2.00	2.00
Sample_4	2.00	2.00	2.00	1.00	2.00	2.00	0.00	0.00	0.00	0.00	2.00	2.00
Sample_2	0.00	1.00	2.00	2.00	2.00	0.00	0.00	0.00	0.00	0.00	2.00	2.00
Sample_93	2.00	2.00	2.00	0.00	2.00	2.00	0.00	0.00	0.00	0.00	2.00	2.00
Sample_12	2.00	2.00	2.00	1.00	2.00	2.00	0.00	0.00	0.00	0.00	2.00	2.00
Sample_31	1.00	2.00	2.00	1.00	2.00	2.00	0.00	0.00	0.00	0.00	2.00	2.00
Sample_38	2.00	2.00	2.00	0.00	2.00	2.00	0.00	1.00	0.00	0.00	2.00	2.00
Sample_39	2.00	2.00	2.00	0.00	0.00	2.00	0.00	1.00	0.00	0.00	1.00	2.00
Sample_41	2.00	1.00	2.00	2.00	1.00	2.00	0.00	0.00	0.00	0.00	2.00	2.00
Sample_45	1.00	2.00	2.00	1.00	2.00	1.00	0.00	0.00	0.00	0.00	2.00	2.00
Sample_42	2.00	2.00	1.00	1.00	1.00	2.00	0.00	0.00	0.00	0.00	2.00	2.00
Sample_97	0.00	2.00	1.00	1.00	1.00	2.00	0.00	2.00	0.00	0.00	2.00	2.00
Sample_46	1.00	2.00	1.00	0.00	1.00	2.00	0.00	1.00	0.00	0.00	2.00	2.00
Sample_20	0.00	1.00	2.00	2.00	2.00	2.00	0.00	0.00	0.00	0.00	1.00	2.00
Sample_100	2.00	1.00	2.00	1.00	2.00	2.00	0.00	1.00	0.00	0.00	2.00	1.00
Sample_51	2.00	2.00	2.00	0.00	2.00	2.00	0.00	0.00	0.00	0.00	2.00	2.00
Sample_62	2.00	2.00	2.00	1.00	1.00	2.00	0.00	0.00	0.00	0.00	2.00	2.00
Sample_87	2.00	2.00	2.00	1.00	2.00	2.00	0.00	2.00	0.00	0.00	1.00	2.00
Sample_37	2.00	2.00	2.00	1.00	1.00	2.00	0.00	0.00	0.00	0.00	2.00	1.00
Sample_59	1.00	2.00	2.00	0.00	1.00	2.00	0.00	0.00	0.00	0.00	2.00	2.00
Sample_32	1.00	2.00	2.00	0.00	2.00	2.00	0.00	1.00	0.00	0.00	2.00	2.00
Sample_34	1.00	2.00	2.00	2.00	2.00	2.00	0.00	0.00	0.00	0.00	2.00	2.00
Sample_30	2.00	2.00	2.00	0.00	1.00	2.00	0.00	0.00	0.00	0.00	2.00	2.00
Sample_65	1.00	2.00	2.00	1.00	2.00	2.00	0.00	0.06	0.00	0.00	2.00	2.00
Sample_54	2.00	2.00	2.00	1.00	2.00	2.00	0.00	0.00	0.00	0.00	2.00	2.00
Sample_43	2.00	1.00	2.00	1.00	2.00	2.00	0.00	1.00	0.00	0.00	2.00	1.00
Sample_53	2.00	2.00	2.00	1.00	2.00	2.00	0.00	1.00	0.00	1.00	2.00	2.00
Sample_95	1.00	2.00	2.00	1.00	2.00	2.00	0.00	1.00	0.00	0.00	2.00	2.00
Sample_58	2.00	2.00	2.00	0.00	2.00	2.00	0.00	1.00	0.00	0.00	2.00	1.00
Sample_57	1.00	2.00	2.00	1.00	1.00	2.00	0.00	1.00	0.00	0.00	2.00	2.00
Sample_44	1.00	2.00	1.00	0.00	2.00	2.00	0.00	2.00	0.00	0.00	2.00	1.00
Sample_47	2.00	2.00	2.00	1.00	2.00	1.00	0.00	0.00	0.00	0.00	2.00	1.00
Sample_66	2.00	2.00	2.00	2.00	1.00	2.00	0.00	0.04	0.00	0.00	2.00	2.00
Sample_96	1.00	2.00	2.00	1.00	1.00	2.00	0.00	1.00	0.00	0.00	2.00	1.00
Sample_24	2.00	2.00	2.00	0.00	1.00	2.00	0.00	1.00	0.00	0.00	2.00	2.00
Sample_128	2.00	2.00	2.00	0.00	2.00	2.00	0.00	0.99	0.00	1.00	2.00	2.00
Sample_121	1.00	2.00	2.00	2.00	2.00	2.00	0.00	1.00	0.00	0.00	2.00	2.00
Sample_86	2.00	1.00	2.00	1.00	1.00	2.00	0.00	1.00	0.00	0.00	2.00	2.00
Sample_113	1.00	1.00	2.00	1.00	1.00	2.00	0.00	0.00	0.00	0.00	1.94	2.00
Sample_114	2.00	2.00	2.00	0.00	2.00	2.00	0.00	1.00	0.00	0.00	2.00	2.00
Sample_140	1.00	1.00	2.00	0.00	2.00	2.00	0.00	0.00	0.00	0.00	1.98	2.00
Sample_73	2.00	2.00	1.00	1.00	2.00	2.00	0.00	1.00	0.00	0.00	2.00	1.00
Sample_94	1.00	2.00	2.00	1.00	2.00	2.00	0.00	2.00	0.00	0.00	2.00	2.00
Sample_27	2.00	2.00	2.00	1.00	2.00	2.00	0.00	1.00	0.00	0.00	1.00	2.00
Sample_21	2.00	2.00	1.00	0.00	1.00	2.00	0.00	1.00	0.00	0.00	2.00	2.00
Sample_25	1.00	2.00	2.00	0.00	2.00	2.00	0.00	1.00	0.00	0.00	2.00	1.00
Sample_55	2.00	2.00	2.00	0.00	2.00	2.00	0.00	1.00	0.00	0.00	2.00	1.00
Sample_49	2.00	1.00	2.00	0.00	2.00	2.00	0.00	0.00	0.00	0.00	2.00	1.00
Sample_61	1.00	1.00	2.00	0.00	1.00	2.00	0.00	0.00	0.00	0.00	2.00	2.00
Sample_60	2.00	2.00	1.00	0.00	2.00	2.00	0.00	2.00	0.00	0.00	1.00	2.00
Sample_18	1.00	2.00	2.00	1.00	2.00	2.00	0.00	1.00	0.00	0.00	2.00	1.00
Sample_36	2.00	2.00	2.00	0.00	2.00	2.00	0.00	1.00	0.00	0.00	2.00	2.00
Sample_28	2.00	1.00	2.00	2.00	2.00	2.00	0.00	1.00	0.00	0.00	2.00	1.00
Sample_88	2.00	2.00	2.00	1.00	0.00	1.00	0.00	0.00	0.00	0.00	1.98	2.00
Sample_99	1.00	2.00	1.00	0.00	2.00	2.00	0.00	2.00	0.00	0.00	2.00	2.00
Sample_48	1.00	1.00	2.00	0.00	2.00	2.00	0.00	1.00	0.00	0.00	2.00	2.00
Sample_63	2.00	2.00	2.00	1.00	0.00	2.00	0.00	0.00	0.00	0.00	2.00	2.00
Sample_52	1.00	1.00	2.00	1.00	2.00	2.00	0.00	2.00	0.00	0.00	2.00	2.00
Sample_71	1.00	2.00	2.00	0.00	2.00	2.00	0.00	0.00	0.00	0.00	1.91	2.00
Sample_81	2.00	2.00	2.00	0.00	2.00	2.00	0.00	1.00	0.00	0.00	2.00	1.00
Sample_83	1.00	2.00	2.00	1.00	2.00	2.00	0.00	1.00	0.00	0.00	2.00	2.00
Sample_75	2.00	2.00	2.00	0.00	1.00	2.00	0.00	2.00	0.00	0.00	2.00	2.00
Sample_78	1.00	2.00	2.00	0.00	2.00	2.00	0.00	1.00	1.00	0.00	2.00	2.00
Sample_79	1.00	1.00	2.00	0.00	2.00	2.00	0.00	1.00	0.00	0.00	2.00	2.00
Sample_77	0.00	2.00	1.00	1.00	2.00	2.00	0.00	2.00	0.00	0.00	2.00	1.00
Sample_80	2.00	2.00	1.00	1.00	2.00	2.00	0.00	2.00	0.00	0.00	2.00	1.00
Sample_72	1.00	2.00	2.00	0.00	2.00	2.00	0.00	0.00	0.00	0.00	2.00	2.00
Sample_76	1.00	1.00	2.00	1.00	0.00	2.00	1.00	1.00	0.00	0.00	2.00	2.00
Sample_74	1.00	2.00	2.00	1.00	2.00	2.00	0.00	2.00	0.00	0.00	2.00	1.00
Sample_85	2.00	1.00	2.00	2.00	2.00	2.00	0.00	0.00	0.00	0.00	2.00	2.00
Sample_117	1.00	2.00	2.00	1.00	2.00	2.00	0.00	0.00	0.00	0.00	2.00	2.00
Sample_1	2.00	2.00	2.00	0.00	2.00	2.00	0.00	0.00	0.00	0.00	1.00	1.00
Sample_82	1.00	0.00	2.00	1.00	1.00	2.00	0.00	2.00	0.00	0.00	2.00	2.00
Sample_13	2.00	1.00	2.00	0.00	1.00	2.00	0.00	1.00	0.00	0.00	2.00	2.00
Sample_124	2.00	2.00	2.00	1.00	1.00	2.00	0.00	0.00	0.00	0.00	2.00	2.00
Sample_119	2.00	2.00	2.00	0.00	1.00	2.00	0.00	0.00	0.00	0.00	2.00	2.00
Sample_146	1.00	2.00	2.00	1.00	2.00	2.00	0.00	1.00	0.00	0.00	2.00	2.00
Sample_143	2.00	2.00	2.00	0.00	2.00	2.00	0.00	1.00	0.00	0.00	2.00	1.00
Sample_132	1.00	0.00	2.00	0.00	2.00	1.00	0.00	1.00	0.00	0.00	2.00	2.00
Sample_123	2.00	2.00	2.00	1.00	2.00	2.00	0.00	1.00	0.00	0.00	2.00	2.00
Sample_106	1.00	2.00	2.00	0.00	2.00	2.00	0.00	1.00	0.00	0.00	2.00	1.00
Sample_136	1.00	2.00	2.00	0.00	2.00	2.00	0.00	1.00	0.00	0.00	2.00	2.00
Sample_104	1.00	0.00	2.00	2.00	2.00	2.00	0.00	0.00	0.00	0.00	2.00	2.00
Sample_107	2.00	2.00	2.00	1.00	2.00	2.00	0.00	1.00	0.00	0.00	1.99	2.00
Sample_138	2.00	2.00	2.00	1.00	1.00	2.00	0.00	2.00	0.00	0.00	2.00	2.00
Sample_109	2.00	2.00	2.00	0.00	2.00	2.00	0.00	1.00	0.00	0.00	2.00	2.00
Sample_137	2.00	2.00	2.00	0.00	2.00	2.00	0.00	0.00	0.00	0.00	2.00	2.00
Sample_101	1.00	2.00	2.00	0.00	1.00	2.00	0.00	0.00	0.00	0.00	2.00	1.00
Sample_144	2.00	1.00	2.00	1.00	2.00	2.00	0.00	1.00	0.00	0.00	1.94	2.00
Sample_8	1.00	2.00	2.00	0.00	2.00	2.00	0.00	0.00	0.00	0.00	2.00	2.00
Sample_108	1.00	2.00	2.00	0.00	1.00	2.00	0.00	0.00	0.00	0.00	2.00	2.00
Sample_69	2.00	2.00	2.00	1.00	1.00	2.00	0.00	0.00	0.00	0.00	2.00	1.00
Sample_3	1.00	2.00	2.00	0.00	1.00	2.00	0.00	1.00	0.00	0.00	2.00	1.00
Sample_7	1.00	1.00	2.00	0.00	1.00	2.00	0.00	0.00	0.00	0.00	2.00	2.00
Sample_14	2.00	2.00	2.00	1.00	2.00	2.00	0.00	1.00	0.00	0.00	2.00	2.00
Sample_10	2.00	2.00	2.00	0.00	1.00	2.00	0.00	0.00	0.00	0.00	2.00	2.00
Sample_40	2.00	2.00	2.00	0.00	2.00	2.00	0.00	0.00	0.00	0.00	1.00	2.00
Sample_11	2.00	2.00	2.00	0.00	2.00	2.00	0.00	2.00	0.00	0.00	2.00	2.00
Sample_17	2.00	2.00	2.00	1.00	2.00	2.00	0.00	1.00	0.00	0.00	2.00	0.00
Sample_33	1.00	1.00	2.00	1.00	0.00	2.00	0.00	1.00	0.00	0.00	2.00	1.00
Sample_98	2.00	2.00	1.00	1.00	1.00	2.00	0.00	0.00	0.00	0.00	1.00	2.00
Sample_50	2.00	0.00	2.00	2.00	1.00	2.00	0.00	0.00	0.00	0.00	2.00	2.00
Sample_23	2.00	2.00	2.00	1.00	2.00	2.00	0.00	0.00	0.00	0.00	2.00	1.00
Sample_84	2.00	2.00	2.00	1.00	2.00	2.00	0.00	1.00	0.00	0.00	2.00	1.00
Sample_35	2.00	2.00	2.00	1.00	2.00	2.00	0.00	0.00	0.00	0.00	2.00	2.00
Sample_56	1.00	2.00	2.00	0.00	2.00	2.00	0.00	2.00	0.00	0.00	2.00	2.00
Sample_29	2.00	2.00	2.00	1.00	1.00	2.00	0.00	1.00	0.00	0.00	1.00	1.00
Sample_89	2.00	2.00	2.00	1.00	2.00	2.00	0.00	2.00	0.00	0.00	2.00	2.00
Sample_91	1.00	1.00	2.00	0.00	1.00	2.00	0.00	0.00	0.00	0.00	2.00	2.00
Sample_67	1.00	2.00	2.00	0.00	1.00	2.00	0.00	0.00	0.00	0.00	2.00	1.00
Sample_64	1.00	2.00	2.00	1.00	2.00	2.00	1.00	1.00	0.00	0.00	2.00	1.00
Sample_26	1.00	2.00	2.00	0.00	2.00	2.00	0.00	1.00	0.00	0.00	2.00	1.00
Sample_68	2.00	2.00	2.00	0.00	2.00	2.00	0.00	0.00	0.00	0.00	2.00	2.00
Sample_22	0.00	1.00	2.00	0.00	1.00	2.00	0.00	0.00	0.00	0.00	1.00	2.00
Sample_70	1.00	2.00	2.00	0.00	2.00	2.00	0.00	0.00	0.00	0.00	2.00	2.00
Sample_110	1.00	1.00	2.00	1.00	2.00	2.00	0.00	2.00	0.00	1.00	1.94	1.00
Sample_116	1.00	1.00	1.00	0.00	2.00	2.00	0.00	0.00	0.00	0.00	2.00	2.00
Sample_122	1.99	2.00	2.00	0.00	1.00	2.00	0.00	0.00	0.00	0.00	2.00	1.00
Sample_120	2.00	1.00	2.00	1.00	1.00	2.00	0.00	2.00	0.00	0.00	2.00	2.00
Sample_125	2.00	2.00	2.00	0.00	1.00	2.00	0.00	1.00	0.00	0.00	2.00	2.00
Sample_130	1.00	2.00	2.00	0.00	2.00	2.00	0.00	1.00	0.00	0.00	2.00	2.00
Sample_131	0.00	1.00	2.00	0.00	1.00	2.00	0.00	1.00	0.00	0.00	1.91	2.00
Sample_141	1.99	2.00	2.00	0.00	2.00	2.00	0.00	0.00	0.00	0.00	2.00	1.00
Sample_142	1.00	2.00	1.00	0.00	2.00	2.00	0.00	1.02	0.00	0.00	2.00	2.00
Sample_149	1.05	2.00	2.00	1.00	1.00	2.00	0.00	0.99	0.00	0.00	2.00	2.00
Sample_147	2.00	2.00	2.00	0.00	2.00	2.00	0.00	1.00	0.00	0.00	2.00	2.00
Sample_111	2.00	2.00	2.00	1.00	1.00	2.00	0.00	1.00	0.00	0.00	2.00	2.00
Sample_105	1.00	2.00	2.00	0.00	2.00	2.00	0.00	1.00	0.00	0.00	2.00	1.00
Sample_118	2.00	2.00	2.00	0.00	0.00	2.00	1.00	1.00	0.00	0.00	2.00	1.00
Sample_126	1.00	2.00	2.00	0.00	1.00	2.00	1.00	1.00	0.00	0.00	1.82	2.00
Sample_127	1.00	1.00	2.00	1.00	1.00	2.00	0.00	0.00	0.00	0.00	1.97	2.00
Sample_135	2.00	1.00	2.00	1.00	1.00	2.00	0.00	1.00	0.00	0.00	1.99	2.00
Sample_139	2.00	1.00	2.00	1.00	1.00	2.00	0.00	0.05	0.00	0.00	2.00	2.00
Sample_133	1.00	2.00	2.00	1.00	2.00	2.00	0.00	1.00	0.00	0.00	1.98	2.00
Sample_103	2.00	2.00	2.00	0.00	2.00	2.00	0.00	2.00	0.00	0.00	1.47	2.00
Sample_112	2.00	2.00	2.00	0.00	2.00	2.00	0.00	1.00	0.00	0.00	2.00	2.00
Sample_148	2.00	1.00	2.00	0.00	2.00	2.00	0.00	0.00	0.00	0.00	2.00	2.00
Sample_129	2.00	2.00	2.00	1.00	2.00	2.00	1.00	1.00	1.00	0.00	1.00	2.00
Sample_134	0.00	1.00	2.00	0.00	2.00	2.00	0.00	1.86	0.00	0.00	2.00	2.00
Sample_9	1.00	2.00	2.00	0.00	2.00	1.00	0.00	2.00	0.00	0.00	2.00	1.00
Sample_19	1.99	2.00	2.00	2.00	1.00	2.00	0.00	0.00	0.00	0.00	2.00	2.00
