Sample	19:56339220_G_T	6:52189262_C_T	10:84185096_G_A	8:131778235_C_T	6:110760008_A_G	3:78449024_C_T	15:61599171_A_G	9:93620963_G_A	3:105359938_A_G	7:138609983_A_G	10:119612350_C_T	18:71068347_A_G
Sample_17	1.00	2.00	2.00	0.00	2.00	2.00	0.00	0.00	0.00	0.00	2.00	2.00
Sample_71	2.00	2.00	2.00	0.00	2.00	2.00	0.00	1.00	0.00	0.00	2.00	2.00
Sample_75	1.00	2.00	2.00	0.00	2.00	2.00	0.00	1.00	0.00	0.00	2.00	2.00
Sample_51	2.00	2.00	2.00	0.00	2.00	2.00	0.00	0.00	0.00	0.00	1.00	2.00
Sample_138	2.00	2.00	2.00	0.00	2.00	2.00	0.00	1.00	0.00	0.00	2.00	2.00
Sample_45	1.00	2.00	2.00	0.00	2.00	2.00	0.00	0.00	0.00	0.00	2.00	2.00
Sample_5	2.00	1.00	2.00	0.00	1.00	2.00	0.00	0.99	0.00	0.00	2.00	2.00
Sample_82	1.00	1.00	2.00	1.00	2.00	2.00	0.00	1.00	0.00	0.00	1.00	2.00
Sample_148	2.00	2.00	2.00	2.00	2.00	1.00	1.00	0.00	0.00	0.00	2.00	2.00
Sample_200	1.00	2.00	2.00	1.00	2.00	2.00	0.00	0.00	0.00	0.00	2.00	2.00
Sample_22	2.00	1.00	2.00	2.00	2.00	2.00	0.00	1.00	0.00	0.00	2.00	1.00
Sample_41	0.00	2.00	2.00	0.00	2.00	2.00	0.00	1.00	0.00	0.00	2.00	2.00
Sample_150	1.00	2.00	2.00	0.00	2.00	2.00	0.00	1.00	0.00	0.00	2.00	2.00
Sample_31	1.00	1.00	2.00	0.00	2.00	2.00	0.00	1.00	0.00	0.00	2.00	1.00
Sample_194	2.00	2.00	2.00	1.00	2.00	2.00	0.00	0.00	0.00	0.00	2.00	2.00
Sample_8	2.00	2.00	2.00	0.00	2.00	2.00	0.00	0.00	0.00	0.00	2.00	2.00
Sample_93	2.00	2.00	2.00	1.00	1.00	2.00	0.00	0.00	0.00	0.00	2.00	1.06
Sample_161	1.00	2.00	2.00	1.00	2.00	2.00	0.00	1.00	0.00	0.00	2.00	2.00
Sample_182	0.00	2.00	2.00	1.00	2.00	2.00	0.00	0.00	0.00	0.00	2.00	1.92
Sample_107	0.00	2.00	2.00	0.00	2.00	2.00	0.00	0.00	0.00	0.00	2.00	2.00
Sample_179	2.00	2.00	2.00	0.00	2.00	2.00	0.95	0.00	0.00	0.00	2.00	2.00
Sample_129	2.00	1.00	2.00	1.00	2.00	2.00	0.00	0.00	0.00	0.00	2.00	2.00
Sample_174	1.00	2.00	2.00	0.00	2.00	2.00	0.00	0.00	0.00	0.00	2.00	1.00
Sample_102	1.00	2.00	2.00	0.00	2.00	2.00	0.00	0.00	0.00	0.00	1.00	2.00
Sample_122	1.00	1.00	2.00	0.00	2.00	2.00	0.00	2.00	0.00	0.00	2.00	2.00
Sample_127	2.00	2.00	2.00	0.00	2.00	1.00	0.00	0.00	0.00	0.00	2.00	1.02
Sample_130	1.00	2.00	2.00	0.00	1.00	2.00	0.00	0.00	0.00	0.00	2.00	2.00
Sample_40	2.00	2.00	2.00	1.00	1.00	2.00	0.00	0.00	0.00	0.00	2.00	2.00
Sample_73	1.96	2.00	2.00	0.00	1.00	2.00	0.00	0.00	0.00	0.00	2.00	2.00
Sample_139	2.00	2.00	2.00	1.00	2.00	2.00	0.88	0.00	0.00	0.00	2.00	2.00
Sample_33	2.00	2.00	2.00	1.00	2.00	2.00	0.00	1.00	0.00	0.00	2.00	2.00
Sample_66	1.00	1.00	2.00	0.00	2.00	2.00	0.00	0.00	0.00	0.00	2.00	2.00
Sample_186	2.00	2.00	1.00	0.00	1.00	2.00	0.00	0.00	0.00	0.00	2.00	2.00
Sample_152	0.00	2.00	2.00	1.00	2.00	2.00	0.00	1.00	0.04	0.00	2.00	2.00
Sample_13	2.00	2.00	2.00	0.00	1.00	2.00	0.00	0.00	0.00	0.00	2.00	2.00
Sample_116	1.00	2.00	2.00	0.00	2.00	2.00	0.00	0.00	0.00	0.00	2.00	2.00
Sample_87	0.00	2.00	2.00	1.00	2.00	2.00	0.00	2.00	0.00	0.00	2.00	2.00
Sample_23	2.00	2.00	2.00	0.00	2.00	2.00	0.00	0.00	0.00	0.00	2.00	2.00
Sample_128	1.00	1.99	2.00	0.00	2.00	2.00	0.00	0.00	0.00	0.00	2.00	2.00
Sample_18	1.00	2.00	2.00	0.00	2.00	2.00	0.00	0.00	0.00	0.00	2.00	1.31
Sample_55	1.00	2.00	2.00	0.00	1.00	2.00	1.00	0.00	0.00	0.00	2.00	2.00
Sample_112	2.00	2.00	2.00	1.00	2.00	1.00	0.00	0.00	0.00	1.00	2.00	1.00
Sample_154	1.00	1.00	2.00	0.00	0.00	2.00	0.00	1.00	0.00	0.00	2.00	2.00
Sample_79	2.00	2.00	2.00	2.00	2.00	2.00	0.00	0.00	0.00	0.00	2.00	2.00
Sample_42	1.00	2.00	2.00	0.00	2.00	2.00	0.00	0.00	0.00	0.00	2.00	2.00
Sample_11	1.98	2.00	2.00	0.00	2.00	2.00	0.00	1.00	0.01	0.00	2.00	2.00
Sample_63	2.00	2.00	2.00	1.00	2.00	2.00	0.00	0.00	0.00	0.00	2.00	2.00
Sample_170	2.00	2.00	2.00	0.00	2.00	2.00	0.00	0.00	0.00	0.00	2.00	2.00
Sample_171	1.00	1.00	2.00	0.00	2.00	2.00	0.00	0.00	0.00	1.00	2.00	2.00
Sample_184	1.00	2.00	2.00	1.00	2.00	2.00	0.96	0.00	0.00	0.00	2.00	2.00
Sample_180	1.86	2.00	2.00	0.00	2.00	2.00	0.00	0.00	0.00	0.00	2.00	2.00
Sample_196	2.00	2.00	2.00	0.00	2.00	2.00	0.00	0.00	0.00	0.00	2.00	2.00
Sample_83	1.00	2.00	2.00	0.00	2.00	2.00	0.00	1.00	0.00	0.00	2.00	2.00
Sample_175	1.00	2.00	2.00	0.00	2.00	2.00	0.00	0.00	0.00	0.00	2.00	2.00
Sample_85	1.00	2.00	2.00	0.00	2.00	2.00	0.00	0.00	0.00	0.00	2.00	2.00
Sample_144	2.00	1.00	2.00	0.00	2.00	2.00	0.00	0.00	0.00	0.00	2.00	2.00
Sample_29	2.00	2.00	2.00	1.00	2.00	2.00	0.00	1.00	0.00	0.00	2.00	1.00
Sample_84	0.00	2.00	2.00	0.00	2.00	2.00	0.00	0.00	0.00	0.00	2.00	1.00
Sample_123	2.00	1.00	2.00	1.00	2.00	2.00	0.00	1.00	0.00	0.00	2.00	2.00
Sample_61	2.00	2.00	2.00	1.00	2.00	2.00	1.00	0.00	0.00	0.00	2.00	1.99
Sample_21	1.97	2.00	2.00	0.00	1.00	2.00	1.00	0.00	0.00	0.00	2.00	2.00
Sample_19	2.00	2.00	2.00	0.00	2.00	2.00	0.00	0.00	0.00	0.00	2.00	2.00
Sample_46	2.00	2.00	2.00	1.00	2.00	2.00	0.00	0.00	0.00	0.00	2.00	2.00
Sample_35	0.00	2.00	2.00	2.00	2.00	2.00	0.00	0.00	0.00	0.00	2.00	2.00
Sample_52	2.00	2.00	2.00	1.00	2.00	2.00	0.00	1.00	0.00	0.00	2.00	2.00
Sample_104	2.00	2.00	2.00	0.00	2.00	2.00	0.00	0.00	0.00	0.00	2.00	2.00
Sample_198	1.00	2.00	2.00	0.00	1.00	2.00	0.00	0.00	0.00	0.00	2.00	2.00
Sample_173	0.00	2.00	2.00	0.00	2.00	2.00	0.00	0.00	0.00	0.00	2.00	2.00
Sample_15	2.00	2.00	2.00	0.00	2.00	2.00	0.00	0.00	0.00	0.00	2.00	2.00
Sample_163	2.00	1.00	2.00	0.00	2.00	2.00	0.00	1.00	0.00	0.00	2.00	2.00
Sample_109	1.00	2.00	2.00	0.00	1.00	2.00	0.00	1.00	0.00	0.00	2.00	2.00
Sample_81	1.00	2.00	2.00	0.00	2.00	2.00	0.00	1.00	0.00	0.00	2.00	2.00
Sample_58	2.00	2.00	2.00	0.00	2.00	2.00	0.00	0.00	0.00	0.00	2.00	2.00
Sample_126	1.00	2.00	2.00	1.00	2.00	2.00	0.00	0.00	0.00	0.00	2.00	2.00
Sample_114	2.00	2.00	2.00	0.00	1.00	2.00	0.00	0.00	0.00	0.00	2.00	2.00
Sample_67	2.00	2.00	2.00	0.00	2.00	2.00	0.00	0.00	0.00	0.00	2.00	1.00
Sample_12	1.00	2.00	2.00	2.00	2.00	2.00	0.00	0.00	0.00	0.00	2.00	2.00
Sample_43	0.00	2.00	2.00	0.00	2.00	2.00	0.00	0.00	0.00	0.00	2.00	2.00
Sample_100	1.00	2.00	2.00	0.00	2.00	2.00	0.00	1.00	0.00	0.00	2.00	2.00
Sample_133	1.00	1.00	2.00	0.00	2.00	1.00	1.00	0.00	0.00	0.00	2.00	2.00
Sample_187	1.00	2.00	2.00	0.00	1.00	2.00	0.00	1.00	0.00	0.00	2.00	1.00
Sample_162	0.78	2.00	2.00	0.00	1.00	2.00	0.95	1.00	0.04	0.00	2.00	2.00
Sample_147	2.00	1.00	2.00	1.00	1.00	2.00	0.00	0.00	0.00	0.00	2.00	1.00
Sample_113	1.00	1.00	2.00	0.00	2.00	2.00	0.00	0.00	0.00	0.00	2.00	2.00
Sample_119	1.37	1.00	2.00	0.00	1.00	2.00	0.00	0.00	0.00	0.00	2.00	2.00
Sample_4	2.00	2.00	2.00	0.00	1.00	2.00	0.00	0.00	0.00	0.00	2.00	2.00
Sample_124	2.00	2.00	2.00	1.00	2.00	2.00	0.00	0.00	0.00	0.00	2.00	2.00
Sample_99	1.00	1.00	2.00	1.00	2.00	2.00	0.00	0.00	0.00	0.00	2.00	1.00
Sample_121	1.00	2.00	2.00	0.00	2.00	2.00	0.00	0.00	0.00	0.00	2.00	2.00
Sample_197	1.00	2.00	2.00	0.00	2.00	2.00	0.00	0.00	0.00	0.00	2.00	2.00
Sample_53	0.00	2.00	2.00	0.00	2.00	2.00	0.00	0.00	0.00	0.00	2.00	2.00
Sample_48	0.00	2.00	2.00	0.00	2.00	2.00	0.00	0.00	0.00	0.00	2.00	2.00
Sample_199	2.00	1.00	2.00	1.00	1.00	2.00	0.00	0.00	0.00	0.00	2.00	2.00
Sample_101	2.00	2.00	2.00	0.00	1.00	2.00	0.00	0.00	0.00	0.00	2.00	2.00
Sample_131	0.00	2.00	2.00	0.00	2.00	2.00	0.00	1.00	0.00	0.00	2.00	2.00
Sample_94	2.00	2.00	2.00	0.00	2.00	2.00	0.00	0.00	0.00	0.00	2.00	2.00
Sample_177	1.92	1.00	2.00	0.00	1.00	2.00	0.00	1.00	0.00	0.00	2.00	1.00
Sample_72	2.00	2.00	2.00	1.00	2.00	2.00	0.00	1.00	0.00	0.00	2.00	2.00
Sample_190	1.00	2.00	2.00	2.00	1.00	2.00	0.00	1.00	0.00	0.00	2.00	2.00
Sample_24	0.00	2.00	2.00	0.00	2.00	2.00	0.00	0.00	0.00	0.00	2.00	1.00
Sample_153	1.01	2.00	2.00	0.00	2.00	2.00	0.00	1.00	0.00	0.00	2.00	2.00
Sample_49	1.00	2.00	2.00	1.00	1.00	2.00	0.00	0.00	0.00	0.00	2.00	2.00
Sample_164	2.00	2.00	2.00	1.00	1.00	2.00	0.00	1.00	0.00	0.00	2.00	2.00
Sample_70	1.00	2.00	2.00	0.00	2.00	2.00	0.00	1.00	0.00	0.00	2.00	2.00
Sample_1	1.00	2.00	2.00	1.00	1.00	2.00	0.00	0.00	0.00	0.00	2.00	2.00
Sample_77	2.00	1.00	2.00	1.00	2.00	2.00	0.00	0.00	0.00	0.00	2.00	2.00
Sample_181	1.00	2.00	2.00	0.00	2.00	2.00	0.00	1.00	0.00	0.00	2.00	1.00
Sample_7	2.00	2.00	2.00	0.00	2.00	1.00	0.00	0.00	0.00	0.00	2.00	2.00
Sample_60	1.00	2.00	2.00	0.00	2.00	2.00	1.00	1.00	0.00	0.00	2.00	1.00
Sample_134	2.00	2.00	2.00	0.00	2.00	2.00	0.00	0.00	0.00	0.00	2.00	2.00
Sample_3	1.00	2.00	2.00	0.00	2.00	2.00	0.00	1.00	0.00	0.00	2.00	2.00
Sample_111	1.00	2.00	2.00	0.00	2.00	2.00	0.00	1.00	0.00	0.00	2.00	1.98
Sample_6	0.00	1.00	2.00	0.00	2.00	2.00	0.00	0.00	0.00	0.00	1.00	1.94
Sample_69	1.00	2.00	2.00	0.00	2.00	2.00	0.00	0.00	0.00	0.00	2.00	2.00
Sample_50	2.00	1.00	2.00	1.00	2.00	2.00	0.00	0.00	0.00	0.00	2.00	1.68
Sample_140	0.00	2.00	2.00	0.00	2.00	2.00	0.00	0.00	0.00	0.00	2.00	2.00
Sample_167	2.00	2.00	2.00	0.00	2.00	2.00	0.00	0.00	0.00	0.00	2.00	2.00
Sample_56	2.00	1.00	2.00	0.00	2.00	2.00	0.00	0.00	0.00	0.00	2.00	2.00
Sample_80	2.00	2.00	2.00	0.00	2.00	2.00	0.00	0.00	0.00	0.00	2.00	2.00
Sample_193	1.99	2.00	2.00	0.00	2.00	2.00	0.00	0.00	0.00	0.00	2.00	2.00
Sample_117	2.00	2.00	2.00	0.00	2.00	2.00	0.00	0.00	0.00	0.00	2.00	2.00
Sample_157	0.00	2.00	2.00	0.00	2.00	2.00	0.00	0.00	0.00	0.93	2.00	2.00
Sample_120	0.00	2.00	2.00	0.00	2.00	2.00	0.00	1.00	0.00	0.00	2.00	2.00
Sample_54	2.00	2.00	2.00	0.00	2.00	2.00	1.00	0.00	0.00	0.00	2.00	2.00
Sample_183	1.00	2.00	2.00	0.00	2.00	2.00	0.00	1.00	0.00	0.00	2.00	2.00
Sample_136	1.00	2.00	2.00	0.00	1.00	2.00	0.00	0.00	0.00	0.00	2.00	2.00
Sample_165	1.00	2.00	2.00	1.00	2.00	2.00	0.00	0.00	0.00	0.00	2.00	1.00
Sample_65	0.00	2.00	2.00	1.00	2.00	2.00	0.00	0.00	0.00	0.00	2.00	2.00
Sample_90	2.00	2.00	2.00	0.00	2.00	2.00	0.00	0.00	0.00	0.00	2.00	2.00
Sample_36	2.00	2.00	2.00	1.00	2.00	2.00	1.00	0.97	0.00	0.00	2.00	2.00
Sample_115	2.00	2.00	2.00	0.00	2.00	2.00	0.00	0.00	0.00	0.00	2.00	2.00
Sample_188	2.00	2.00	2.00	1.00	2.00	2.00	1.00	0.00	0.00	0.00	2.00	2.00
Sample_103	1.00	2.00	2.00	0.00	2.00	2.00	0.00	0.00	0.00	0.00	2.00	2.00
Sample_151	2.00	2.00	2.00	0.00	2.00	2.00	0.00	2.00	0.00	0.00	2.00	1.03
Sample_2	1.00	1.00	2.00	1.00	2.00	2.00	0.00	0.00	0.00	0.00	2.00	2.00
Sample_88	0.99	2.00	2.00	1.00	1.00	2.00	0.00	0.00	0.00	0.00	2.00	2.00
Sample_92	1.00	2.00	2.00	0.00	1.00	2.00	0.00	0.00	0.00	0.00	2.00	2.00
Sample_192	1.00	2.00	2.00	0.00	2.00	1.00	0.00	1.00	0.00	0.00	2.00	2.00
Sample_178	1.00	1.00	2.00	0.00	1.00	2.00	0.00	1.00	0.00	1.00	2.00	2.00
Sample_10	2.00	2.00	2.00	0.00	1.00	2.00	0.00	0.00	0.00	0.00	2.00	1.00
Sample_98	1.00	2.00	2.00	0.00	1.00	2.00	1.00	0.00	0.00	0.00	2.00	1.00
Sample_76	2.00	2.00	2.00	0.00	2.00	2.00	0.00	1.00	0.00	0.00	2.00	2.00
Sample_191	1.00	2.00	2.00	0.00	2.00	2.00	0.00	1.00	0.00	0.00	2.00	2.00
Sample_27	2.00	2.00	2.00	0.00	2.00	1.00	1.00	1.00	0.00	0.00	2.00	2.00
Sample_68	2.00	2.00	2.00	0.00	2.00	2.00	1.00	0.00	0.00	0.00	2.00	2.00
Sample_195	2.00	2.00	2.00	1.00	2.00	2.00	0.00	1.00	0.00	0.00	2.00	2.00
Sample_142	2.00	2.00	2.00	0.00	2.00	2.00	0.00	0.00	0.00	0.00	2.00	2.00
Sample_108	1.99	2.00	2.00	1.00	2.00	2.00	0.00	0.00	0.00	0.00	2.00	1.99
Sample_47	1.93	2.00	2.00	0.00	1.00	2.00	0.00	1.00	0.00	0.00	2.00	2.00
Sample_64	2.00	2.00	2.00	1.00	2.00	2.00	0.00	0.05	0.00	0.00	2.00	2.00
Sample_9	1.00	2.00	2.00	0.00	2.00	2.00	0.00	0.00	0.00	0.00	2.00	2.00
Sample_74	2.00	1.00	2.00	1.00	2.00	2.00	0.00	0.00	0.00	0.00	2.00	2.00
Sample_14	2.00	2.00	2.00	0.00	2.00	2.00	1.00	1.00	0.00	0.00	2.00	2.00
Sample_25	2.00	1.00	2.00	0.00	2.00	2.00	1.00	0.00	0.00	0.00	2.00	1.00
Sample_145	2.00	2.00	2.00	0.00	2.00	2.00	0.00	1.00	0.00	0.00	1.00	2.00
Sample_155	2.00	2.00	2.00	1.00	1.00	2.00	0.00	1.00	0.01	0.00	2.00	1.00
Sample_96	2.00	2.00	2.00	0.00	2.00	1.00	0.00	0.00	0.00	0.00	2.00	2.00
Sample_110	2.00	2.00	2.00	0.00	2.00	2.00	0.00	0.00	0.00	0.00	2.00	1.06
Sample_20	2.00	2.00	2.00	0.00	2.00	2.00	0.00	0.00	0.01	0.00	2.00	2.00
